365
-0.232497 0.639564 7.60813 
0.50615 1.11953 7.26093 
0.237551 0.372918 6.77486 
-0.0646227 1.91946 7.46925 
0.50615 1.75947 6.56654 
-1.10544 1.91946 6.14991 
-1.34047 1.86613 6.8443 
-1.30689 0.799551 6.21934 
-1.47477 1.11953 6.91374 
0.405425 0.906209 5.59439 
0.304701 0.426247 5.87215 
0.841898 0.692893 5.80271 
-1.13902 0.319589 4.62224 
-0.0981976 -0.267031 4.62224 
0.942623 0.959538 6.08047 
0.942623 1.11953 5.80271 
0.539725 1.49283 5.80271 
-0.803269 1.54616 4.27504 
0.338275 1.27951 4.06673 
-0.635395 1.59949 5.66383 
-0.769695 0.85288 5.73327 
0.606874 0.479576 4.48336 
1.78199 0.906209 1.35859 
1.3791 -0.96031 0.525322 
1.81557 -0.373689 2.81682 
-0.165347 1.49283 0.733639 
1.3791 0.85288 0.317004 
-0.66897 1.65282 0.0392465 
-1.97839 -0.587006 0.594761 
-1.40762 -0.427018 1.15028 
0.271126 -1.92023 1.91411 
-0.266072 -1.81358 1.15028 
-0.266072 -0.373689 5.66383 
-1.47477 0.0529435 5.38607 
0.338275 0.212931 3.30289 
-0.467521 1.01287 -0.585707 
1.14407 -0.533677 -0.932904 
0.942623 0.479576 4.76112 
0.405425 2.07945 4.9 
-0.803269 2.18611 4.69168 
1.2448 2.55941 4.5528 
1.2448 0.372918 4.62224 
0.237551 -1.17363 5.80271 
-1.81051 -0.96031 5.38607 
-0.333222 2.87939 4.06673 
1.58054 2.77273 3.30289 
0.203976 -2.18688 4.96944 
2.21847 -0.32036 3.37233 
-2.11269 -0.746993 4.5528 
-0.836844 2.45275 3.51121 
1.94987 1.97279 2.33074 
0.808323 -2.24021 3.78897 
-1.87766 -0.853651 3.16402 
-0.870419 1.91946 2.2613 
0.50615 -1.92023 2.53906 
-0.836844 -0.693664 1.98355 
0.203976 1.27951 1.56691 
2.08417 0.959538 1.91411 
-1.54192 -0.480348 -0.169071 
0.539725 -1.33361 -0.724586 
-0.366796 -5.65327 9.06636 
-0.66897 -5.65327 8.58028 
-0.66897 -4.64002 8.99692 
-0.366796 -4.95999 9.34411 
0.37185 -4.64002 9.27467 
0.304701 -4.21339 8.85804 
0.942623 -4.95999 8.4414 
0.808323 -5.17331 8.92748 
0.304701 -5.86659 8.23308 
0.37185 -5.81326 8.7886 
-0.433946 -6.45321 9.06636 
0.237551 -4.74668 9.76075 
-0.198922 -6.02658 8.7886 
-0.0981976 -5.43995 10.2468 
-0.769695 -5.75993 8.92748 
-0.769695 -6.45321 9.34411 
-0.73612 -5.43995 10.4551 
-0.400371 -4.69335 9.69131 
0.539725 -5.17331 9.89963 
0.707599 -5.75993 9.27467 
0.50615 -5.97325 9.55243 
0.237551 -6.0799 9.27467 
0.00252696 -6.02658 9.96907 
0.136826 -6.23989 10.3857 
-0.0981976 -6.61319 9.69131 
3.42716 3.41268 0.872518 
2.05059 3.51934 0.6642 
1.81557 4.10596 1.0114 
1.07692 4.10596 0.386443 
2.01702 4.95922 1.56691 
3.56146 4.15928 1.42803 
2.72209 4.21261 1.77523 
3.66219 5.6525 0.178125 
2.35277 4.53259 -1.2801 
2.92354 2.39942 -6.34917 
4.23296 2.45275 -6.90468 
2.82281 2.18611 -7.18244 
4.30011 2.3461 -7.18244 
1.17765 1.54616 -6.90468 
1.44625 1.8128 -7.18244 
0.539725 3.19936 -7.113 
0.37185 3.03937 -6.41861 
1.54697 4.26594 -6.14085 
1.47982 4.21261 -7.18244 
4.23296 3.51934 -7.113 
4.19938 3.35935 -6.83524 
2.92354 3.57266 -6.34917 
2.85639 3.67932 -7.18244 
3.32644 1.0662 -3.5716 
1.94987 0.746222 -3.36328 
2.25204 2.87939 -2.80776 
3.49431 2.39942 -3.2244 
1.34552 2.02612 -3.36328 
-1.03829 -2.93349 -7.18244 
-0.635395 -4.16006 -6.90468 
-1.07187 -3.04014 -6.34917 
-0.534671 -4.10673 -7.18244 
-3.01921 -1.60026 -7.113 
-1.50834 -1.60026 -7.25188 
-1.50834 -0.746993 -6.7658 
-3.08636 -1.38694 -6.34917 
-2.95206 -3.09347 -6.27973 
-3.42211 -2.93349 -7.04356 
-2.04554 -3.73342 -6.21029 
-1.40762 -4.58669 -6.83524 
-1.47477 -4.69335 -7.113 
-2.28056 -3.84008 -7.04356 
-1.77694 -2.72017 -2.73833 
-0.635395 -0.853651 -3.15496 
0.237551 -1.92023 -3.36328 
-0.467521 -3.09347 -3.15496 
-1.87766 -1.44027 -3.2244 
1.2448 -1.97356 -2.46057 
0.741174 -2.34687 -1.07178 
0.875473 -2.56018 -2.25225 
1.34552 -2.02689 -0.516268 
2.21847 -1.38694 -0.377389 
1.78199 -1.22696 0.455882 
0.640449 -1.70692 1.0114 
1.54697 0.106273 0.594761 
2.11774 -0.533677 0.317004 
1.94987 -0.693664 -0.863464 
1.5134 -1.81358 0.6642 
2.01702 -0.800322 -2.73833 
0.976198 -1.22696 -1.2801 
1.44625 -0.0537148 -1.41898 
1.88272 0.159602 -2.66889 
3.89721 1.01287 -3.64104 
3.05784 0.692893 -3.50216 
3.42716 0.426247 -2.66889 
4.30011 0.799551 -1.83561 
4.40083 1.49283 -1.6273 
4.09866 2.39942 -3.29384 
3.89721 0.586235 -1.48842 
3.32644 2.77273 -2.94664 
2.38634 2.02612 -3.91879 
4.06508 1.59949 -1.21066 
3.72934 2.45275 -2.04393 
1.71484 2.23944 -3.5716 
-0.198922 1.4395 -0.446829 
2.15132 0.959538 -3.50216 
0.304701 -0.213702 -0.446829 
2.78924 1.91946 -3.77992 
3.02426 1.11953 -2.73833 
0.841898 1.97279 0.6642 
2.38634 2.55941 -2.11337 
-0.0310479 0.426247 1.0114 
3.09141 2.23944 -2.46057 
1.94987 1.0662 1.0114 
1.68127 -0.267031 0.525322 
0.942623 1.59949 6.01103 
0.942623 1.70615 5.66383 
-0.0646227 1.0662 5.94159 
-0.198922 2.07945 6.08047 
0.0696767 2.23944 5.38607 
-1.37404 1.8128 5.73327 
-1.54192 0.692893 5.87215 
-1.77694 0.586235 5.17775 
-1.60907 1.91946 5.03888 
-0.266072 -0.107044 5.66383 
0.741174 0.26626 6.14991 
0.539725 0.0529435 5.73327 
-0.635395 1.22618 6.42766 
-0.400371 0.639564 7.88589 
-1.20617 0.692893 7.88589 
-0.971144 2.13278 7.74701 
0.136826 0.532905 7.74701 
0.136826 1.22618 7.81645 
-0.66897 0.0529435 6.91374 
-1.84409 0.799551 6.4971 
-1.64264 1.0662 7.46925 
-1.67622 1.91946 6.35822 
-0.299647 2.39942 6.70542 
-1.54192 1.8128 7.39981 
-0.232497 1.91946 7.81645 
0.37185 1.8128 7.60813 
0.942623 1.01287 6.91374 
-0.400371 0.159602 6.28878 
-0.467521 0.372918 6.35822 
-0.836844 0.532905 6.56654 
-1.03829 -0.373689 7.19149 
-0.635395 0.586235 7.05262 
-0.232497 0.479576 6.77486 
-0.870419 -0.160373 7.46925 
-0.635395 -0.427018 7.33037 
-1.07187 -0.373689 8.02477 
-0.232497 1.91946 6.21934 
-0.0646227 1.8128 6.63598 
-0.165347 2.87939 7.05262 
-0.467521 1.86613 6.91374 
-0.635395 1.91946 6.42766 
-0.433946 2.7194 7.19149 
-0.568245 2.93272 6.91374 
-0.534671 3.0927 7.67757 
0.573299 1.0662 7.05262 
0.405425 0.906209 7.19149 
0.909048 0.959538 7.74701 
0.338275 1.11953 7.46925 
0.472575 1.33284 7.19149 
0.774749 1.11953 7.81645 
0.942623 1.22618 7.67757 
0.875473 1.11953 8.16364 
0.136826 -4.80001 6.21934 
-0.433946 -4.58669 5.24719 
-0.232497 -5.22664 6.42766 
-0.66897 -4.85333 5.52495 
-1.40762 -4.69335 5.80271 
-1.23974 -5.06665 6.77486 
-1.60907 -4.32004 5.66383 
-1.50834 -4.48003 6.8443 
-1.07187 -4.0534 7.33037 
0.271126 -4.32004 6.77486 
-0.266072 -3.68009 7.19149 
-0.232497 -5.01332 6.63598 
-1.03829 -4.85333 6.98318 
0.271126 -5.7066 8.51084 
-0.433946 -5.54661 8.7886 
0.271126 -4.53336 8.99692 
-0.467521 -4.85333 9.13579 
0.707599 -5.06665 8.64972 
0.103252 -4.26671 6.35822 
-0.937569 -1.65359 4.62224 
-0.870419 -4.4267 6.01103 
0.472575 -1.70692 4.96944 
-0.568245 -5.01332 7.05262 
-0.266072 -3.84008 7.26093 
-1.37404 -1.17363 5.66383 
-1.23974 -4.00007 6.91374 
-0.198922 -0.693664 4.83056 
-0.198922 -0.96031 6.01103 
3.05784 4.53259 -1.97449 
4.56871 6.98573 0.525322 
2.75566 5.43918 -1.6273 
5.13948 6.29245 0.455882 
0.304701 3.30602 -2.32169 
0.271126 2.66607 -2.59945 
0.304701 3.57266 0.733639 
0.338275 4.58592 0.733639 
1.88272 6.0258 3.16402 
2.08417 5.22587 3.44177 
3.79648 6.61242 2.46962 
4.06508 6.18579 2.53906 
0.707599 3.03937 -0.238511 
-0.433946 2.3461 0.108686 
0.674024 2.55941 0.178125 
-0.299647 2.7194 -0.169071 
0.271126 3.9993 -0.0301928 
-0.635395 3.41268 0.0392465 
0.00252696 4.15928 0.525322 
-0.971144 3.46601 0.317004 
0.841898 3.30602 1.49747 
1.04335 2.7194 0.803079 
0.472575 4.05263 1.15028 
0.808323 3.14603 0.0392465 
0.472575 3.94597 0.247564 
2.68851 3.9993 0.0392465 
2.35277 4.69258 0.178125 
2.68851 4.15928 1.28915 
2.38634 4.79923 0.941957 
2.88996 3.67932 0.6642 
-0.366796 3.19936 0.872518 
-0.333222 2.7194 3.99729 
0.405425 2.50608 0.733639 
0.606874 1.70615 3.58065 
1.1105 3.30602 0.803079 
0.472575 3.41268 0.108686 
0.50615 3.62599 4.06673 
0.304701 3.9993 0.941957 
0.606874 2.23944 4.69168 
1.41267 2.82606 3.92785 
0.808323 5.38585 5.45551 
0.573299 4.90589 4.69168 
1.14407 5.2792 5.52495 
1.14407 4.69258 4.76112 
0.741174 5.06588 5.80271 
0.707599 4.53259 5.24719 
1.07692 5.49251 7.05262 
1.14407 3.67932 3.99729 
0.271126 3.83931 4.06673 
0.707599 3.51934 4.83056 
-0.0310479 4.47926 3.58065 
-0.836844 3.35935 3.23345 
0.0361018 4.31927 2.88626 
1.91629 2.82606 3.16402 
1.31195 4.10596 2.81682 
1.58054 4.15928 3.51121 
-0.366796 2.55941 5.80271 
1.2448 2.23944 5.73327 
1.78199 2.07945 4.27504 
-0.165347 3.57266 5.31663 
-0.971144 2.61274 4.27504 
1.41267 3.25269 5.31663 
-0.870419 3.14603 3.92785 
1.88272 2.61274 3.85841 
1.58054 4.10596 4.34448 
-0.0310479 4.3726 4.34448 
-0.198922 -0.32036 8.4414 
-0.836844 -1.01364 7.88589 
-0.568245 -0.32036 8.51084 
-0.232497 -1.01364 7.81645 
-0.534671 -0.480348 7.60813 
-0.501096 -0.000385648 8.16364 
-0.0310479 1.11953 8.7886 
-0.400371 -0.746993 6.56654 
-1.03829 -1.4936 6.70542 
-0.165347 -1.65359 6.70542 
-1.57549 -2.66684 6.98318 
-2.14626 -2.02689 5.94159 
-1.54192 -1.97356 7.26093 
-0.299647 -2.88016 6.98318 
0.573299 -2.56018 5.94159 
0.0696767 -2.29354 7.19149 
0.808323 -1.44027 5.31663 
0.539725 0.106273 5.52495 
-1.07187 0.426247 5.59439 
-1.91124 -0.906981 5.31663 
-1.17259 -0.107044 6.4971 
0.439 -0.427018 6.4971 
-2.01196 -1.33361 5.80271 
0.707599 -1.8669 5.80271 
0.237551 -1.4936 7.19149 
-1.37404 -1.17363 7.26093 
0.674024 -1.54693 -2.39113 
0.271126 -1.4936 -3.29384 
0.741174 -2.24021 -3.43272 
1.07692 -2.45352 -1.6273 
0.707599 -3.04014 -1.48842 
0.00252696 -3.46678 -3.15496 
0.875473 -2.08022 -1.21066 
-1.07187 -2.08022 -3.77992 
-0.836844 -3.30679 -2.8772 
0.338275 -2.98682 -1.07178 
-0.400371 -3.36012 -1.97449 
-0.534671 -1.17363 -3.2244 
-1.81051 -0.640335 0.455882 
-1.77694 -1.65359 -3.2244 
-0.232497 0.106273 0.317004 
0.0361018 -2.08022 -2.80776 
-0.870419 -2.13355 -3.71048 
-1.30689 -2.72017 -2.11337 
-1.30689 -2.08022 1.15028 
-0.60182 -0.533677 1.63635 
-0.702545 -2.93349 -2.66889 
0.136826 -2.29354 1.08084 
0.875473 -1.1203 0.803079 
634
2 0 1 
2 1 14 
2 14 10 
2 10 20 
2 20 7 
2 7 0 
4 1 3 
4 3 5 
4 5 19 
4 19 16 
4 16 14 
4 14 1 
6 7 5 
7 5 20 
5 20 19 
20 19 12 
19 12 17 
8 6 3 
8 3 0 
10 11 9 
10 9 21 
10 21 13 
10 13 12 
10 12 20 
15 11 14 
15 14 16 
15 16 9 
15 9 11 
16 17 18 
16 18 21 
16 21 9 
11 10 14 
3 1 0 
7 8 0 
13 21 18 
13 18 12 
5 3 6 
7 6 8 
17 16 19 
18 17 12 
24 22 23 
24 23 30 
24 30 54 
24 54 51 
24 51 47 
24 47 50 
24 50 57 
24 57 22 
26 22 25 
26 25 27 
26 27 35 
26 35 36 
25 29 28 
25 28 27 
31 29 30 
29 30 55 
30 55 54 
55 54 51 
28 29 31 
28 31 58 
31 30 23 
31 23 59 
32 33 34 
32 34 37 
37 34 38 
38 34 39 
39 34 33 
37 38 40 
37 40 41 
37 41 42 
37 42 32 
33 32 42 
33 42 43 
39 33 43 
39 43 44 
38 39 40 
39 40 44 
40 44 45 
44 45 49 
45 49 53 
41 40 45 
41 45 47 
41 47 46 
41 46 42 
43 42 46 
43 46 48 
44 43 49 
43 49 48 
49 48 53 
48 53 52 
53 52 56 
52 56 55 
56 55 25 
55 25 29 
47 45 50 
47 51 46 
52 46 51 
52 51 55 
48 46 52 
45 53 50 
53 50 56 
50 56 57 
56 57 22 
25 22 56 
23 26 36 
23 36 59 
58 31 59 
27 28 58 
27 58 35 
23 22 26 
35 58 59 
35 59 36 
61 62 60 
62 60 63 
60 63 74 
63 74 77 
74 77 76 
77 76 73 
76 73 83 
62 64 63 
64 63 71 
63 71 77 
71 77 73 
65 64 62 
65 66 64 
66 64 67 
64 67 71 
67 71 79 
69 67 68 
69 68 61 
69 61 60 
69 60 72 
69 72 67 
66 68 67 
65 62 61 
65 61 66 
68 66 61 
71 72 70 
71 70 73 
72 74 70 
74 70 75 
70 75 84 
75 84 83 
75 74 76 
75 76 83 
71 79 78 
79 78 80 
78 80 82 
80 82 81 
72 81 80 
72 80 79 
78 82 81 
79 67 72 
84 83 73 
84 73 70 
74 72 60 
72 71 78 
72 78 81 
85 86 87 
86 87 89 
87 89 91 
89 91 92 
91 92 90 
92 90 93 
90 93 85 
93 85 88 
85 88 86 
88 86 89 
89 88 93 
89 93 92 
87 91 90 
87 90 85 
94 95 96 
94 96 99 
94 99 98 
94 98 109 
94 109 108 
94 108 111 
94 111 106 
94 106 95 
96 95 97 
95 97 105 
97 105 104 
105 104 106 
104 106 107 
106 107 103 
98 99 100 
98 100 101 
98 101 112 
98 112 109 
102 101 100 
102 100 103 
102 103 106 
102 106 110 
102 110 101 
108 109 110 
108 110 111 
97 107 96 
107 96 103 
96 103 99 
103 99 100 
107 97 104 
95 106 105 
106 111 110 
110 112 101 
109 112 110 
115 113 114 
115 114 123 
115 123 130 
115 130 129 
115 129 128 
115 128 119 
115 119 118 
115 118 113 
113 116 114 
116 114 124 
114 124 123 
124 123 125 
123 125 126 
118 119 117 
119 117 120 
117 120 121 
120 121 127 
121 127 123 
127 123 130 
122 117 121 
122 121 123 
122 123 126 
125 124 116 
127 128 129 
127 129 130 
126 116 113 
126 113 122 
125 116 126 
131 127 120 
131 120 119 
131 119 128 
118 117 122 
118 122 113 
127 131 128 
132 133 134 
133 134 135 
134 135 132 
135 132 136 
132 136 143 
136 143 141 
143 141 146 
141 146 145 
146 145 143 
145 143 144 
143 144 132 
144 132 133 
137 138 139 
137 139 140 
137 140 141 
137 141 136 
137 136 135 
137 135 142 
137 142 138 
141 140 139 
141 139 145 
144 139 133 
139 133 138 
133 138 135 
138 135 142 
145 139 144 
147 148 149 
147 149 150 
147 150 151 
147 151 152 
147 152 155 
147 155 148 
150 149 153 
150 153 151 
154 155 152 
154 152 157 
156 153 149 
156 149 157 
151 153 156 
148 155 154 
148 154 149 
157 152 151 
157 151 156 
149 154 157 
160 158 159 
158 159 165 
159 165 164 
165 164 167 
164 167 168 
167 168 163 
168 163 169 
163 169 161 
160 159 161 
160 163 162 
160 162 158 
166 159 164 
166 164 169 
166 169 161 
166 161 159 
161 163 160 
164 168 169 
162 163 167 
162 167 165 
162 165 158 
172 170 171 
172 171 174 
172 174 178 
173 174 170 
173 170 195 
173 195 192 
173 192 191 
173 191 175 
173 175 174 
177 178 176 
178 176 175 
176 175 189 
175 189 191 
189 191 190 
191 190 193 
190 193 184 
193 184 185 
184 185 183 
185 183 187 
183 187 186 
187 186 196 
179 177 176 
179 176 197 
179 197 180 
179 180 181 
182 172 180 
182 180 186 
182 186 196 
182 196 195 
182 195 170 
182 170 172 
188 183 186 
188 186 197 
188 197 189 
188 189 190 
188 190 184 
188 184 183 
192 185 193 
192 193 191 
194 185 192 
194 192 195 
195 196 187 
195 187 194 
180 197 186 
197 176 189 
187 185 194 
175 178 174 
174 171 170 
179 181 172 
179 172 177 
178 177 172 
172 181 180 
198 199 200 
198 200 204 
198 204 202 
203 201 202 
203 202 204 
203 204 205 
199 201 203 
199 203 200 
199 198 202 
199 202 201 
205 200 203 
205 204 200 
206 207 208 
206 208 212 
206 212 210 
211 209 210 
211 210 212 
211 212 213 
207 209 211 
207 211 208 
207 206 210 
207 210 209 
213 208 211 
213 212 208 
214 215 216 
214 216 220 
214 220 218 
217 218 219 
217 219 215 
215 214 218 
215 218 217 
220 221 219 
220 219 218 
219 221 216 
219 216 215 
221 220 216 
224 222 223 
224 223 225 
224 225 227 
224 227 234 
224 234 233 
224 233 231 
224 231 222 
226 227 225 
226 225 223 
226 223 228 
226 228 229 
226 229 227 
228 223 229 
223 229 222 
229 222 230 
222 230 231 
230 231 232 
234 227 230 
234 230 236 
234 236 235 
234 235 233 
230 227 229 
230 232 237 
232 237 231 
237 231 239 
231 239 235 
230 237 238 
230 238 236 
235 231 233 
237 239 235 
237 235 236 
237 236 238 
240 241 242 
241 242 246 
242 246 247 
246 247 245 
243 241 240 
244 245 240 
244 240 242 
244 242 247 
244 247 245 
246 241 248 
246 248 249 
245 246 249 
245 249 243 
245 243 240 
243 249 248 
241 243 248 
250 251 252 
251 252 257 
252 257 254 
257 254 256 
254 256 255 
253 251 250 
250 252 254 
250 254 255 
256 257 258 
257 258 251 
258 251 260 
251 260 261 
260 261 258 
261 258 259 
259 256 258 
253 261 251 
250 255 256 
250 256 253 
261 253 256 
261 256 259 
263 264 262 
264 262 271 
262 271 273 
271 273 275 
273 275 274 
275 274 276 
274 276 272 
276 272 278 
263 262 265 
262 265 266 
265 266 267 
266 267 268 
267 268 269 
263 269 268 
263 268 264 
263 265 267 
263 267 269 
272 270 271 
272 271 264 
272 264 268 
262 273 274 
262 274 266 
266 274 272 
266 272 268 
277 270 272 
277 272 278 
279 275 271 
279 271 277 
277 271 270 
275 279 277 
275 277 276 
278 276 277 
281 282 280 
281 280 286 
282 281 283 
282 284 285 
282 285 280 
280 287 286 
287 286 284 
286 284 289 
284 289 283 
288 281 286 
288 286 289 
288 289 283 
288 283 281 
283 284 282 
285 284 287 
285 287 280 
290 291 292 
290 292 296 
293 292 291 
293 291 297 
294 295 290 
294 290 296 
297 298 299 
293 297 299 
293 299 295 
293 295 294 
293 294 292 
297 291 298 
294 296 292 
291 290 295 
291 295 298 
295 299 298 
300 301 302 
300 302 305 
300 305 314 
300 314 315 
300 315 312 
300 312 301 
301 303 304 
301 304 302 
304 303 305 
303 305 313 
305 313 314 
313 314 311 
306 307 308 
306 308 310 
309 306 310 
309 310 312 
309 312 315 
309 315 311 
309 311 307 
309 307 306 
308 307 311 
308 311 313 
303 301 313 
301 313 312 
313 312 308 
312 308 310 
315 314 311 
302 304 305 
317 318 316 
317 316 319 
317 319 325 
317 325 324 
320 321 318 
320 318 317 
320 317 324 
320 324 323 
316 318 322 
323 324 325 
323 325 319 
323 319 320 
316 322 321 
316 321 319 
321 322 318 
319 321 320 
328 326 327 
328 327 338 
328 338 341 
328 341 340 
328 340 331 
328 331 326 
329 330 327 
330 327 339 
327 339 338 
339 338 332 
338 332 335 
332 335 334 
330 329 331 
330 331 339 
332 333 334 
336 335 334 
336 334 333 
336 333 337 
336 337 341 
336 341 338 
336 338 335 
333 332 337 
332 337 339 
337 339 340 
339 340 331 
327 326 329 
337 340 341 
331 329 326 
344 342 343 
344 343 349 
344 349 347 
344 347 346 
344 346 345 
344 345 342 
348 342 345 
348 345 346 
348 346 351 
349 350 347 
350 347 352 
347 352 346 
352 346 351 
342 348 351 
342 351 352 
342 352 350 
342 350 343 
343 350 349 
354 355 353 
354 353 356 
357 353 358 
357 358 362 
359 354 360 
359 360 362 
355 354 359 
360 354 361 
362 360 363 
362 363 357 
357 364 356 
357 356 353 
364 363 360 
364 361 356 
356 361 354 
358 355 359 
358 359 362 
355 358 353 
364 357 363 
360 361 364 
