162
-0.525731 0 0.850651 
-0.442863 0.238856 0.864188 
-0.295242 0 0.955423 
-0.309017 0.5 0.809017 
-0.16246 0.262866 0.951056 
0 0 1 
0 0.850651 0.525731 
-0.147621 0.716567 0.681718 
0.147621 0.716567 0.681718 
0 0.525731 0.850651 
0.309017 0.5 0.809017 
0.525731 0 0.850651 
0.295242 0 0.955423 
0.442863 0.238856 0.864188 
0.16246 0.262866 0.951056 
-0.681718 0.147621 0.716567 
-0.809017 0.309017 0.5 
-0.587785 0.425325 0.688191 
-0.850651 0.525731 0 
-0.864188 0.442863 0.238856 
-0.716567 0.681718 0.147621 
-0.688191 0.587785 0.425325 
-0.5 0.809017 0.309017 
-0.238856 0.864188 0.442863 
-0.425325 0.688191 0.587785 
-0.716567 0.681718 -0.147621 
-0.5 0.809017 -0.309017 
-0.525731 0.850651 0 
0 0.850651 -0.525731 
-0.238856 0.864188 -0.442863 
0 0.955423 -0.295242 
-0.262866 0.951056 -0.16246 
0 1 0 
0 0.955423 0.295242 
-0.262866 0.951056 0.16246 
0.238856 0.864188 0.442863 
0.262866 0.951056 0.16246 
0.5 0.809017 0.309017 
0.238856 0.864188 -0.442863 
0.262866 0.951056 -0.16246 
0.5 0.809017 -0.309017 
0.850651 0.525731 0 
0.716567 0.681718 0.147621 
0.716567 0.681718 -0.147621 
0.525731 0.850651 0 
0.425325 0.688191 0.587785 
0.864188 0.442863 0.238856 
0.688191 0.587785 0.425325 
0.809017 0.309017 0.5 
0.681718 0.147621 0.716567 
0.587785 0.425325 0.688191 
0.955423 0.295242 0 
1 0 0 
0.951056 0.16246 0.262866 
0.850651 -0.525731 0 
0.955423 -0.295242 0 
0.864188 -0.442863 0.238856 
0.951056 -0.16246 0.262866 
0.809017 -0.309017 0.5 
0.681718 -0.147621 0.716567 
0.850651 0 0.525731 
0.864188 0.442863 -0.238856 
0.809017 0.309017 -0.5 
0.951056 0.16246 -0.262866 
0.525731 0 -0.850651 
0.681718 0.147621 -0.716567 
0.681718 -0.147621 -0.716567 
0.850651 0 -0.525731 
0.809017 -0.309017 -0.5 
0.864188 -0.442863 -0.238856 
0.951056 -0.16246 -0.262866 
0.147621 0.716567 -0.681718 
0.309017 0.5 -0.809017 
0.425325 0.688191 -0.587785 
0.442863 0.238856 -0.864188 
0.587785 0.425325 -0.688191 
0.688191 0.587785 -0.425325 
-0.147621 0.716567 -0.681718 
-0.309017 0.5 -0.809017 
0 0.525731 -0.850651 
-0.525731 0 -0.850651 
-0.442863 0.238856 -0.864188 
-0.295242 0 -0.955423 
-0.16246 0.262866 -0.951056 
0 0 -1 
0.295242 0 -0.955423 
0.16246 0.262866 -0.951056 
-0.442863 -0.238856 -0.864188 
-0.309017 -0.5 -0.809017 
-0.16246 -0.262866 -0.951056 
0 -0.850651 -0.525731 
-0.147621 -0.716567 -0.681718 
0.147621 -0.716567 -0.681718 
0 -0.525731 -0.850651 
0.309017 -0.5 -0.809017 
0.442863 -0.238856 -0.864188 
0.16246 -0.262866 -0.951056 
0.238856 -0.864188 -0.442863 
0.5 -0.809017 -0.309017 
0.425325 -0.688191 -0.587785 
0.716567 -0.681718 -0.147621 
0.688191 -0.587785 -0.425325 
0.587785 -0.425325 -0.688191 
0 -0.955423 -0.295242 
0 -1 0 
0.262866 -0.951056 -0.16246 
0 -0.850651 0.525731 
0 -0.955423 0.295242 
0.238856 -0.864188 0.442863 
0.262866 -0.951056 0.16246 
0.5 -0.809017 0.309017 
0.716567 -0.681718 0.147621 
0.525731 -0.850651 0 
-0.238856 -0.864188 -0.442863 
-0.5 -0.809017 -0.309017 
-0.262866 -0.951056 -0.16246 
-0.850651 -0.525731 0 
-0.716567 -0.681718 -0.147621 
-0.716567 -0.681718 0.147621 
-0.525731 -0.850651 0 
-0.5 -0.809017 0.309017 
-0.238856 -0.864188 0.442863 
-0.262866 -0.951056 0.16246 
-0.864188 -0.442863 0.238856 
-0.809017 -0.309017 0.5 
-0.688191 -0.587785 0.425325 
-0.681718 -0.147621 0.716567 
-0.442863 -0.238856 0.864188 
-0.587785 -0.425325 0.688191 
-0.309017 -0.5 0.809017 
-0.147621 -0.716567 0.681718 
-0.425325 -0.688191 0.587785 
-0.16246 -0.262866 0.951056 
0.442863 -0.238856 0.864188 
0.16246 -0.262866 0.951056 
0.309017 -0.5 0.809017 
0.147621 -0.716567 0.681718 
0 -0.525731 0.850651 
0.425325 -0.688191 0.587785 
0.587785 -0.425325 0.688191 
0.688191 -0.587785 0.425325 
-0.955423 0.295242 0 
-0.951056 0.16246 0.262866 
-1 0 0 
-0.850651 0 0.525731 
-0.955423 -0.295242 0 
-0.951056 -0.16246 0.262866 
-0.864188 0.442863 -0.238856 
-0.951056 0.16246 -0.262866 
-0.809017 0.309017 -0.5 
-0.864188 -0.442863 -0.238856 
-0.951056 -0.16246 -0.262866 
-0.809017 -0.309017 -0.5 
-0.681718 0.147621 -0.716567 
-0.681718 -0.147621 -0.716567 
-0.850651 0 -0.525731 
-0.688191 0.587785 -0.425325 
-0.587785 0.425325 -0.688191 
-0.425325 0.688191 -0.587785 
-0.425325 -0.688191 -0.587785 
-0.587785 -0.425325 -0.688191 
-0.688191 -0.587785 -0.425325 
224
-0.429635 -3.01216 5.28654
-3.28042 -0.623883 5.28654
-2.5923 2.26343 5.28654
1.27428 2.72683 5.28654
-2.13355 0.374202 6.6836
-1.4782 -1.26551 6.6836
1.24151 -1.3368 6.6836
1.63472 0.445494 6.6836
-0.462403 1.83568 6.6836
0.0946462 -0.160487 7.13066
3.53524 -1.3368 1.93359
2.61775 -1.83584 3.163
0.58616 -3.29733 3.72183
3.14203 -1.51503 1.37476
2.02793 -2.1923 1.20712
0.45509 -3.33297 1.82182
-0.101959 -3.47556 2.49241
-0.101959 -3.47556 3.38653
3.73185 -0.516946 1.93359
3.46971 -0.231779 1.31888
3.01096 0.873245 1.263
3.1748 0.445494 3.10712
1.99517 2.65554 3.72183
1.53642 3.11894 3.38653
1.53642 3.11894 2.60418
1.60196 2.83377 1.76594
3.76462 0.409848 2.32477
3.14203 -2.2636 2.32477
3.0765 -2.40618 1.76594
3.66631 0.552431 1.76594
2.91266 2.08521 2.88359
2.91266 2.04956 2.213
1.47089 -3.40426 3.05124
1.47089 -3.43991 2.38065
-1.21606 3.26152 3.05124
-3.73916 0.944536 3.05124
-2.52676 -2.29924 3.05124
-2.13355 1.80004 1.09535
-2.65783 -0.374362 1.09535
-0.101959 2.65554 1.03947
-1.28159 -2.33489 1.03947
2.12624 -1.90714 -0.134064
2.74882 0.730661 -0.134064
2.84712 -0.837759 -0.134064
1.83133 1.55052 -0.0781811
-0.495171 1.12277 -0.0781811
-0.888382 -0.445654 -0.0781811
0.946604 -2.15666 -0.0781811
2.42115 0.0177428 -0.748771
2.09347 -1.30116 -0.748771
1.24151 -0.410008 -0.748771
1.73303 1.05147 -7.11937
1.53642 3.11894 -7.11937
0.0946462 4.36654 -7.11937
-2.98551 2.22779 -7.11937
-3.14935 0.409848 -7.11937
-1.90418 -0.410008 -7.11937
-1.11775 3.8675 -7.11937
0.422322 0.552431 -7.11937
-0.0364242 3.93879 -6.16937
-1.01945 3.4754 -5.88996
1.17598 1.19406 -6.16937
0.225717 0.837599 -5.88996
-2.10078 0.160326 -5.94584
-2.7889 1.6931 -5.94584
0.979371 2.79812 -6.05761
2.65052 -3.15474 -7.11937
3.0765 -1.12293 -7.11937
2.12624 0.48114 -7.11937
-1.41266 -0.766467 -7.11937
-2.13355 -2.54876 -7.11937
-1.21606 -3.65379 -7.11937
0.848301 0.338556 -7.11937
1.27428 -3.33297 -7.11937
1.89686 0.0890346 -6.16937
0.782766 -0.0891949 -5.88996
2.159 -2.94087 -6.16937
1.14321 -3.04781 -5.88996
-1.24883 -3.04781 -5.94584
-1.41266 -1.40809 -5.94584
2.45391 -1.30116 -6.05761
-0.822846 1.47923 -0.0781811
-1.60927 0.160326 0.536526
-1.6748 -0.730821 0.815939
-1.08499 -1.40809 0.536526
0.422322 -1.62197 -0.0781811
0.782766 -0.766467 -0.357594
0.225717 0.766307 -0.413476
0.848301 -1.26551 -1.47524
1.01214 0.267264 -1.81054
0.258484 1.55052 -1.47524
-1.41266 1.08712 -1.02818
-0.265797 -1.87149 -0.972301
-1.93694 -1.30116 -0.972301
-2.23185 -0.410008 -0.972301
0.422322 1.05147 -3.15172
1.01214 -0.588238 -3.15172
0.324019 -1.94278 -2.64878
-2.16632 0.48114 -2.64878
-0.855614 1.62181 -2.64878
-2.33016 -1.01599 -2.64878
-1.18329 -1.87149 -2.64878
-0.0691918 2.19214 -5.05172
0.782766 1.05147 -5.16349
1.47089 -1.69326 -5.05172
1.24151 -0.160487 -5.16349
-0.986684 3.012 -5.27525
-2.62506 3.15458 -5.88996
-2.52676 -3.9746 -6.33702
-3.54256 -2.58441 -6.67231
-4.46005 -0.374362 -6.67231
-4.39451 1.51487 -6.67231
0.946604 0.195972 -4.10172
-0.0691918 2.04956 -4.04584
1.11044 -1.37245 -3.98996
-0.429635 -2.94087 -3.93407
-2.13355 -2.37053 -3.93407
-2.98551 -0.267424 -3.93407
-2.26462 1.6931 -3.76643
1.27428 0.552431 -5.77819
-0.265797 -3.83202 -5.27525
0.487857 1.15841 -5.77819
0.192949 1.6931 -5.72231
1.11044 -0.338716 -5.77819
1.33981 -1.12293 -5.72231
0.422322 -2.58441 -5.61055
-1.44543 -3.68943 -6.50467
-2.8872 -3.22603 -6.78408
-3.70639 -1.55068 -6.78408
-4.23068 0.409848 -6.78408
-3.50979 2.29908 -6.50467
-2.06801 2.76248 -5.83408
-0.560706 2.65554 -5.66643
-1.5765 1.12277 -0.469359
-2.49399 1.15841 -1.13995
-1.77311 2.19214 0.0335838
-0.396868 1.65745 -0.357594
-1.08499 0.730661 -1.58701
-0.822846 3.4041 -0.804653
-1.74034 3.15458 -1.36348
-1.74034 2.40602 -1.86642
0.192949 2.47731 -0.748771
-0.659009 1.37229 -2.31348
1.01214 3.012 -0.357594
0.324019 3.61798 -0.301711
0.324019 4.36654 -0.972301
0.389555 4.15267 -2.81642
0.913836 3.22587 -2.36936
0.815533 3.68927 -2.70466
0.913836 3.33281 -1.36348
-0.855614 3.8675 -1.47524
-0.462403 3.4041 -2.53701
-1.15052 2.83377 -2.70466
0.324019 1.62181 -2.53701
0.0618786 -1.26551 -1.13995
-0.265797 -1.76455 -0.134064
1.01214 -1.97843 -1.25171
0.160181 -1.47939 -2.36936
-1.11775 -1.26551 -1.3076
0.58616 -3.26168 -2.42525
0.192949 -3.43991 -1.41936
-0.593473 -3.04781 -1.13995
-0.0364242 -2.22795 -3.15172
-1.5765 -2.08537 -1.81054
0.45509 -2.33489 -4.10172
0.782766 -3.04781 -3.59878
0.520625 -3.9746 -3.82231
-0.921149 -3.9746 -4.93996
-1.01945 -2.94087 -5.21937
-1.15052 -3.47556 -5.21937
-0.3641 -3.1191 -3.93407
0.127414 -3.9746 -2.42525
-1.15052 -3.90331 -2.59289
-1.31436 -3.58249 -1.69877
-1.93694 -2.22795 -2.76054
-0.167495 -0.231779 0.201231
2.159 -1.90714 5.28654
2.74882 0.588077 5.28654
3.37141 -0.909051 3.77771
0.749998 -2.6557 -3.5429
2.78159 -2.79828 -4.71643
2.55222 -4.3667 -4.71643
0.58616 -3.86766 -3.48701
2.22454 -2.33489 -4.21349
2.38838 -2.76264 -4.38113
1.17598 -3.9746 -6.22525
-0.462403 -3.54685 -4.77231
-0.331333 -2.58441 -4.82819
1.33981 -2.69135 -6.22525
1.50365 -2.1923 -5.21937
-0.0364242 -2.44182 -4.21349
1.50365 -2.58441 -5.33113
1.01214 2.79812 -1.81054
0.946604 2.90506 -0.357594
3.14203 3.012 -0.413476
3.1748 2.94071 -1.3076
3.30587 2.86942 -2.31348
2.55222 3.54669 -1.69877
2.25731 3.29717 -1.13995
2.32284 3.90315 -0.189946
1.04491 3.76056 -1.86642
1.73303 3.26152 -2.08995
0.946604 3.90315 -0.469359
2.25731 3.76056 -2.20172
3.56801 4.18831 -2.48113
3.69908 4.15267 -1.58701
3.73185 4.11702 -1.41936
3.89569 3.97444 -0.525241
2.97819 3.51104 -1.9223
3.0765 3.43975 -0.972301
2.51945 4.29525 -2.42525
2.58498 4.22396 -1.53113
2.65052 4.22396 -1.13995
2.81436 4.11702 -0.357594
3.30587 4.58042 -0.860536
3.14203 4.723 -2.08995
1.37258 3.61798 -3.2076
1.79856 3.26152 -3.09584
2.12624 3.93879 -1.58701
2.09347 3.76056 -3.43113
1.8641 4.11702 -3.03995
2.32284 3.68927 -2.76054
-1.24883 -0.445654 -5.83408
0.356787 0.409848 -6.22525
416
4 8 2 1 9 24
4 2 1 1 24 124
1 2 35 124 24 141
1 35 36 124 141 117
36 35 38 117 141 154
36 38 40 117 154 159
40 38 46 159 154 80
5 4 1 129 1 124
5 1 0 129 124 121
0 1 36 121 124 117
0 36 17 121 117 122
17 36 16 122 117 115
8 4 9 9 1 5
9 4 5 5 1 129
8 9 7 9 5 11
8 7 3 9 11 45
3 7 177 45 11 53
3 177 22 45 53 46
22 177 21 46 53 60
22 21 30 46 60 46
30 21 26 46 60 52
30 26 31 46 52 43
31 26 29 43 52 62
31 29 20 43 62 76
20 29 19 76 62 67
20 19 42 76 67 62
42 19 43 62 67 68
42 43 48 62 68 74
48 43 49 74 68 94
7 9 6 11 5 135
7 6 176 11 135 140
176 6 0 140 135 121
176 0 12 140 121 108
12 0 17 108 121 122
12 17 32 108 122 109
32 17 16 109 122 115
32 16 33 109 115 97
33 16 15 97 115 90
33 15 14 97 90 97
14 15 47 97 90 91
14 47 41 97 91 98
41 47 49 98 91 94
41 49 43 98 94 68
9 5 6 5 129 135
6 5 0 135 129 121
19 26 18 67 52 52
19 18 43 67 52 68
43 18 10 68 52 54
43 10 13 68 54 101
13 10 27 101 54 56
13 27 28 101 56 98
28 27 32 98 56 109
28 32 33 98 109 97
18 26 21 52 52 60
18 21 178 52 60 57
178 21 177 57 60 53
178 177 176 57 53 140
176 177 7 140 53 11
26 19 29 52 67 62
22 30 23 46 46 44
23 30 31 44 46 43
24 23 31 39 44 43
24 31 25 39 43 40
25 31 20 40 43 76
25 20 44 40 76 73
44 20 42 73 76 62
44 42 48 73 62 74
10 11 27 54 140 56
27 11 32 56 140 109
32 11 12 109 140 108
12 11 176 108 140 140
176 11 178 140 140 57
178 11 10 57 140 54
13 28 14 101 98 97
14 28 33 97 98 97
2 34 35 24 31 141
35 34 37 141 31 157
37 34 39 157 31 28
39 34 24 28 31 39
24 34 23 39 31 44
23 34 3 44 31 45
3 34 2 45 31 24
38 35 37 154 141 157
38 37 46 154 157 80
46 37 45 80 157 83
46 45 50 80 83 82
50 45 48 82 83 74
36 40 16 117 159 115
16 40 15 115 159 90
15 40 47 90 159 91
24 25 39 39 40 28
39 25 44 28 40 73
14 41 13 97 98 101
13 41 43 101 98 68
44 45 39 73 83 28
39 45 37 28 83 157
40 46 47 159 80 91
49 47 50 94 91 82
50 47 46 82 91 80
44 48 45 73 74 83
49 50 48 94 82 74
52 53 59 61 39 8
52 59 65 61 8 13
65 59 60 13 8 3
65 60 62 13 3 135
62 60 63 135 3 130
62 63 58 135 130 99
58 63 56 99 130 103
52 61 51 61 139 54
51 61 58 54 139 99
58 61 62 99 139 135
62 61 65 135 139 13
65 61 52 13 139 61
59 53 57 8 39 78
59 57 60 8 78 3
60 57 54 3 78 18
60 54 64 3 18 15
64 54 55 15 18 160
64 55 63 15 160 130
63 55 56 130 160 103
64 63 60 15 130 3
53 52 57 39 61 78
57 52 58 78 61 99
58 52 51 99 61 54
54 57 55 18 78 160
55 57 58 160 78 99
55 58 56 160 99 103
67 68 74 63 39 45
67 74 80 63 45 11
80 74 75 11 45 9
80 75 77 11 9 137
77 75 78 137 9 129
77 78 73 137 129 92
73 78 71 92 129 115
67 76 66 63 139 100
66 76 73 100 139 92
73 76 77 92 139 137
77 76 80 137 139 11
80 76 67 11 139 63
74 68 72 45 39 77
74 72 75 45 77 9
75 72 69 9 77 25
75 69 79 9 25 15
79 69 70 15 25 154
79 70 78 15 154 129
78 70 71 129 154 115
79 78 75 15 129 9
68 67 72 39 63 77
72 67 73 77 63 92
73 67 66 92 63 100
69 72 70 25 77 154
70 72 73 154 77 92
70 73 71 154 92 115
93 83 94 118 127 142
93 94 100 118 142 123
100 94 98 123 142 19
100 98 117 123 19 144
117 98 118 144 19 24
117 118 111 144 24 141
111 118 107 141 24 31
111 107 130 141 31 86
84 83 93 130 127 118
84 93 92 130 118 104
92 93 101 104 118 121
92 101 97 104 121 110
97 101 115 110 121 106
83 82 94 127 17 142
94 82 91 142 17 20
91 82 81 20 17 8
92 85 84 104 139 130
85 92 88 139 104 54
88 92 97 54 104 110
86 85 88 60 139 54
86 88 89 60 54 51
89 88 96 51 54 52
89 96 95 51 52 42
95 96 112 42 52 46
95 112 113 42 46 37
113 112 103 37 46 41
113 103 102 37 41 43
102 103 122 43 41 75
102 122 132 43 75 72
81 90 91 8 36 20
81 87 90 8 50 36
90 87 89 36 50 51
89 87 86 51 50 60
86 87 175 60 50 13
175 87 81 13 50 8
90 89 95 36 51 42
90 95 99 36 42 34
99 95 113 34 42 37
99 113 118 34 37 24
118 113 106 24 37 39
90 99 91 36 34 20
91 99 98 20 34 19
98 99 118 19 34 24
91 98 94 20 19 142
96 88 97 52 54 110
96 97 114 52 110 56
114 97 115 56 110 106
114 115 120 56 106 112
101 93 100 121 118 123
101 100 116 121 123 125
116 100 117 125 123 144
116 117 109 125 144 150
109 117 110 150 144 152
109 110 128 150 152 84
128 110 129 84 152 84
112 96 114 46 52 56
112 114 104 46 56 55
104 114 120 55 56 112
104 120 125 55 112 95
115 101 116 106 121 125
115 116 108 106 125 122
108 116 109 122 125 150
108 109 127 122 150 89
127 109 128 89 150 84
112 105 103 46 51 41
103 105 119 41 51 62
119 105 123 62 51 66
123 105 124 66 51 66
124 105 104 66 51 55
104 105 112 55 51 46
113 102 106 37 43 39
106 102 132 39 43 72
117 111 110 144 141 152
110 111 129 152 141 84
129 111 130 84 141 86
118 106 107 24 39 31
107 106 131 31 39 86
131 106 132 86 39 72
115 108 120 106 122 112
120 108 126 112 122 94
126 108 127 94 122 89
122 103 121 75 41 72
121 103 119 72 41 62
104 125 124 55 95 66
120 126 125 112 94 95
107 131 130 31 86 86
135 133 136 48 110 69
136 133 137 69 110 103
137 133 134 103 110 129
134 133 135 129 110 48
138 139 135 45 3 48
135 139 134 48 3 129
134 139 140 129 3 144
140 139 152 144 3 142
152 139 150 142 3 23
150 139 138 23 3 45
137 134 140 103 129 144
137 140 142 103 144 119
142 140 152 119 144 142
142 152 153 119 142 159
153 152 151 159 142 147
153 151 148 159 147 83
148 151 146 83 147 30
135 141 138 48 69 45
138 141 144 45 69 46
144 141 143 46 69 61
143 141 147 61 69 66
147 141 153 66 69 159
153 141 142 159 69 119
142 141 137 119 69 103
137 141 136 103 69 69
136 141 135 69 69 48
144 149 145 46 76 44
145 149 146 44 76 30
146 149 148 30 76 83
148 149 147 83 76 66
147 149 143 66 76 61
143 149 144 61 76 46
138 144 145 45 46 44
138 145 150 45 44 23
150 145 146 23 44 30
150 146 151 23 30 147
152 150 151 142 23 147
147 153 148 66 159 83
154 156 157 33 50 44
154 157 158 33 44 156
158 157 162 156 44 39
158 162 163 156 39 148
163 162 174 148 39 153
156 154 155 50 33 15
155 154 158 15 33 156
159 156 160 59 50 130
159 160 171 59 130 108
171 160 173 108 130 118
171 173 172 108 118 114
172 173 174 114 118 153
172 174 169 114 153 94
169 174 168 94 153 76
156 155 160 50 15 130
160 155 161 130 15 123
155 158 161 15 156 123
161 158 163 123 156 148
159 162 156 59 39 50
156 162 157 50 39 44
166 170 165 56 52 48
165 170 164 48 52 51
164 170 168 51 52 76
168 170 169 76 52 94
169 170 167 94 52 98
167 170 166 98 52 56
164 162 165 51 39 48
165 162 159 48 39 59
159 166 165 59 56 48
166 159 171 56 59 108
166 171 167 56 108 98
167 171 172 98 108 114
167 172 169 98 114 94
161 163 173 123 148 118
173 163 174 118 148 153
161 173 160 123 118 130
164 168 162 51 76 39
162 168 174 39 76 153
85 86 175 139 60 13
85 175 84 139 13 130
84 175 83 130 13 127
83 175 82 127 13 17
82 175 81 17 13 8
178 10 18 57 54 52
3 22 23 45 46 44
8 3 2 9 45 24
185 188 181 102 76 138
181 188 180 138 76 37
183 179 184 8 17 14
184 179 182 14 17 124
184 191 189 14 39 39
189 191 190 39 39 156
190 191 187 156 39 158
187 191 188 158 39 76
188 191 180 76 39 37
180 191 184 37 39 14
184 189 183 14 39 8
183 189 179 8 39 17
179 189 190 17 39 156
185 181 186 102 138 160
186 181 182 160 138 124
179 190 182 17 156 124
182 190 186 124 156 160
186 190 187 160 156 158
187 188 186 158 76 160
186 188 185 160 76 102
180 184 181 37 14 138
181 184 182 138 14 124
193 195 194 149 27 156
194 195 206 156 27 7
193 192 195 149 15 27
195 192 196 27 15 10
193 202 192 149 103 15
192 202 200 15 103 129
200 201 192 129 4 15
192 201 196 15 4 10
196 201 203 10 4 42
203 201 217 42 4 7
217 201 200 7 4 129
194 199 193 156 92 149
193 199 202 149 92 103
203 197 196 42 55 10
195 204 205 27 7 78
205 204 215 78 7 39
215 204 210 39 7 60
204 195 196 7 27 10
194 206 207 156 7 81
207 206 214 81 7 30
214 206 212 30 7 53
212 213 214 53 95 30
210 211 215 60 64 39
214 213 207 30 95 81
210 208 211 60 112 64
211 208 205 64 112 78
205 208 195 78 112 27
195 208 198 27 112 101
198 208 197 101 112 55
197 208 196 55 112 10
196 208 204 10 112 7
204 208 210 7 112 60
212 209 213 53 140 95
213 209 207 95 140 81
207 209 199 81 140 92
199 209 198 92 140 101
198 209 195 101 140 27
195 209 206 27 140 7
206 209 212 7 140 53
205 215 211 78 39 64
207 199 194 81 92 156
200 216 217 129 130 7
217 216 219 7 130 49
216 220 219 130 100 49
219 220 221 49 100 43
221 220 218 43 100 102
218 220 216 102 100 130
219 221 217 49 43 7
217 221 203 7 43 42
216 200 218 130 129 102
218 200 202 102 129 103
221 218 203 43 102 42
197 203 218 55 42 102
197 218 198 55 102 101
198 218 202 101 102 103
198 202 199 101 103 92
121 222 122 72 84 75
122 222 132 75 84 72
132 222 131 72 84 86
131 222 130 86 84 86
130 222 129 86 84 84
129 222 128 84 84 84
128 222 127 84 84 89
127 222 126 89 84 94
126 222 125 94 84 95
125 222 124 95 84 66
124 222 123 66 84 66
123 222 223 66 84 86
223 222 121 86 84 72
123 223 119 66 86 62
119 223 121 62 86 72
