162
-0.525731 0 0.850651 
-0.442863 0.238856 0.864188 
-0.295242 0 0.955423 
-0.309017 0.5 0.809017 
-0.16246 0.262866 0.951056 
0 0 1 
0 0.850651 0.525731 
-0.147621 0.716567 0.681718 
0.147621 0.716567 0.681718 
0 0.525731 0.850651 
0.309017 0.5 0.809017 
0.525731 0 0.850651 
0.295242 0 0.955423 
0.442863 0.238856 0.864188 
0.16246 0.262866 0.951056 
-0.681718 0.147621 0.716567 
-0.809017 0.309017 0.5 
-0.587785 0.425325 0.688191 
-0.850651 0.525731 0 
-0.864188 0.442863 0.238856 
-0.716567 0.681718 0.147621 
-0.688191 0.587785 0.425325 
-0.5 0.809017 0.309017 
-0.238856 0.864188 0.442863 
-0.425325 0.688191 0.587785 
-0.716567 0.681718 -0.147621 
-0.5 0.809017 -0.309017 
-0.525731 0.850651 0 
0 0.850651 -0.525731 
-0.238856 0.864188 -0.442863 
0 0.955423 -0.295242 
-0.262866 0.951056 -0.16246 
0 1 0 
0 0.955423 0.295242 
-0.262866 0.951056 0.16246 
0.238856 0.864188 0.442863 
0.262866 0.951056 0.16246 
0.5 0.809017 0.309017 
0.238856 0.864188 -0.442863 
0.262866 0.951056 -0.16246 
0.5 0.809017 -0.309017 
0.850651 0.525731 0 
0.716567 0.681718 0.147621 
0.716567 0.681718 -0.147621 
0.525731 0.850651 0 
0.425325 0.688191 0.587785 
0.864188 0.442863 0.238856 
0.688191 0.587785 0.425325 
0.809017 0.309017 0.5 
0.681718 0.147621 0.716567 
0.587785 0.425325 0.688191 
0.955423 0.295242 0 
1 0 0 
0.951056 0.16246 0.262866 
0.850651 -0.525731 0 
0.955423 -0.295242 0 
0.864188 -0.442863 0.238856 
0.951056 -0.16246 0.262866 
0.809017 -0.309017 0.5 
0.681718 -0.147621 0.716567 
0.850651 0 0.525731 
0.864188 0.442863 -0.238856 
0.809017 0.309017 -0.5 
0.951056 0.16246 -0.262866 
0.525731 0 -0.850651 
0.681718 0.147621 -0.716567 
0.681718 -0.147621 -0.716567 
0.850651 0 -0.525731 
0.809017 -0.309017 -0.5 
0.864188 -0.442863 -0.238856 
0.951056 -0.16246 -0.262866 
0.147621 0.716567 -0.681718 
0.309017 0.5 -0.809017 
0.425325 0.688191 -0.587785 
0.442863 0.238856 -0.864188 
0.587785 0.425325 -0.688191 
0.688191 0.587785 -0.425325 
-0.147621 0.716567 -0.681718 
-0.309017 0.5 -0.809017 
0 0.525731 -0.850651 
-0.525731 0 -0.850651 
-0.442863 0.238856 -0.864188 
-0.295242 0 -0.955423 
-0.16246 0.262866 -0.951056 
0 0 -1 
0.295242 0 -0.955423 
0.16246 0.262866 -0.951056 
-0.442863 -0.238856 -0.864188 
-0.309017 -0.5 -0.809017 
-0.16246 -0.262866 -0.951056 
0 -0.850651 -0.525731 
-0.147621 -0.716567 -0.681718 
0.147621 -0.716567 -0.681718 
0 -0.525731 -0.850651 
0.309017 -0.5 -0.809017 
0.442863 -0.238856 -0.864188 
0.16246 -0.262866 -0.951056 
0.238856 -0.864188 -0.442863 
0.5 -0.809017 -0.309017 
0.425325 -0.688191 -0.587785 
0.716567 -0.681718 -0.147621 
0.688191 -0.587785 -0.425325 
0.587785 -0.425325 -0.688191 
0 -0.955423 -0.295242 
0 -1 0 
0.262866 -0.951056 -0.16246 
0 -0.850651 0.525731 
0 -0.955423 0.295242 
0.238856 -0.864188 0.442863 
0.262866 -0.951056 0.16246 
0.5 -0.809017 0.309017 
0.716567 -0.681718 0.147621 
0.525731 -0.850651 0 
-0.238856 -0.864188 -0.442863 
-0.5 -0.809017 -0.309017 
-0.262866 -0.951056 -0.16246 
-0.850651 -0.525731 0 
-0.716567 -0.681718 -0.147621 
-0.716567 -0.681718 0.147621 
-0.525731 -0.850651 0 
-0.5 -0.809017 0.309017 
-0.238856 -0.864188 0.442863 
-0.262866 -0.951056 0.16246 
-0.864188 -0.442863 0.238856 
-0.809017 -0.309017 0.5 
-0.688191 -0.587785 0.425325 
-0.681718 -0.147621 0.716567 
-0.442863 -0.238856 0.864188 
-0.587785 -0.425325 0.688191 
-0.309017 -0.5 0.809017 
-0.147621 -0.716567 0.681718 
-0.425325 -0.688191 0.587785 
-0.16246 -0.262866 0.951056 
0.442863 -0.238856 0.864188 
0.16246 -0.262866 0.951056 
0.309017 -0.5 0.809017 
0.147621 -0.716567 0.681718 
0 -0.525731 0.850651 
0.425325 -0.688191 0.587785 
0.587785 -0.425325 0.688191 
0.688191 -0.587785 0.425325 
-0.955423 0.295242 0 
-0.951056 0.16246 0.262866 
-1 0 0 
-0.850651 0 0.525731 
-0.955423 -0.295242 0 
-0.951056 -0.16246 0.262866 
-0.864188 0.442863 -0.238856 
-0.951056 0.16246 -0.262866 
-0.809017 0.309017 -0.5 
-0.864188 -0.442863 -0.238856 
-0.951056 -0.16246 -0.262866 
-0.809017 -0.309017 -0.5 
-0.681718 0.147621 -0.716567 
-0.681718 -0.147621 -0.716567 
-0.850651 0 -0.525731 
-0.688191 0.587785 -0.425325 
-0.587785 0.425325 -0.688191 
-0.425325 0.688191 -0.587785 
-0.425325 -0.688191 -0.587785 
-0.587785 -0.425325 -0.688191 
-0.688191 -0.587785 -0.425325 
358
0.715968 -0.259831 -0.67923
-1.21957 -0.50293 -0.61619
-1.43071 -1.42671 0.140288
-0.797267 1.83082 -0.237951
2.12363 2.21978 -4.46162
1.31422 3.2408 -4.5877
1.73652 3.33804 -3.51602
2.96823 2.46288 -2.94866
2.82746 1.68496 -3.38994
0.258478 1.63634 -3.51602
-0.0230539 2.7546 -3.38994
-0.374969 2.12254 -4.46162
0.927117 1.58772 -3.13778
1.87729 1.34462 -3.13778
-0.234203 3.19218 -4.2725
1.13827 2.80322 -1.24659
0.962308 2.21978 -3.0117
2.86265 1.34462 -2.19219
2.05325 2.90046 -2.88562
0.962308 1.19876 -3.9573
1.13827 1.44186 -4.71378
1.4198 -1.62119 0.0142085
-0.093437 -2.59358 0.0772483
2.68669 -0.794649 0.266368
0.927117 -1.91291 3.67052
-1.71225 -0.64879 4.49004
-0.16382 -1.76705 3.85964
1.34942 -2.3991 1.08589
2.33478 -1.47533 2.72492
0.680776 -2.35048 2.40972
-0.797267 -1.96153 2.72492
-1.64186 -0.60017 2.72492
2.26439 -0.55155 -0.174911
-1.85301 0.372227 0.959806
2.86265 0.0318882 2.72492
-1.74744 0.226368 -0.111871
0.54001 -2.20462 4.1118
0.715968 -1.91291 5.49867
1.31422 -1.37809 5.87691
-1.46591 0.712566 2.34668
-1.36033 0.907045 4.80523
-1.25476 -0.794649 6.31819
-0.938033 0.663946 6.57035
-0.234203 0.177748 6.75947
2.01805 -0.64879 3.7966
2.93303 -0.891889 1.65324
1.8069 -0.746029 5.62475
2.47554 1.58772 0.896766
2.26439 1.10152 3.73356
-0.480544 2.12254 4.67916
-0.726884 1.97668 2.66188
1.38461 1.7822 4.04876
2.12363 1.92806 2.28364
0.821542 2.46288 2.66188
1.66614 1.34462 7.51595
0.610393 2.5115 7.57899
0.610393 1.34462 7.76811
1.66614 2.46288 7.32683
-0.374969 1.19876 7.51595
-0.410161 2.60874 7.26379
2.47554 0.809806 6.63339
2.44035 2.46288 6.50731
-1.00842 2.65736 6.19211
-1.36033 0.907045 6.88555
2.58112 1.34462 4.36396
2.47554 -0.697409 3.98572
2.93303 0.177748 5.05739
-0.797267 -1.62119 5.43563
0.856734 1.00429 6.75947
0.223287 2.65736 7.01163
0.962308 3.28942 6.63339
2.2292 2.94908 5.75083
-0.304586 3.28942 6.19211
0.927117 2.5115 5.37259
-0.0582455 -1.28085 6.44427
2.93303 -2.25324 8.14635
2.79227 -1.23223 8.65066
2.15882 -0.0167316 7.83115
2.89784 -0.45431 7.07467
1.52537 -0.843269 7.51595
2.54593 -0.50293 6.00299
1.17346 -0.891889 6.44427
2.01805 -0.0167316 6.00299
1.8421 -2.49634 6.06603
2.01805 -2.156 5.37259
2.36997 -1.62119 4.99435
1.70133 -1.08637 5.30955
3.00342 -0.989128 5.49867
2.72188 -0.259831 5.87691
2.54593 -2.54496 6.69643
2.75708 -2.6422 7.32683
2.47554 -0.40569 8.46154
3.24976 -2.156 7.13771
3.35533 -1.81567 6.50731
3.0738 -0.357071 7.89419
3.32014 -0.940509 7.38987
3.24976 -1.62119 6.94859
1.73652 -2.05877 7.38987
1.52537 -2.35048 7.07467
2.12363 -2.49634 7.51595
1.63095 -1.42671 7.95723
1.77171 -0.746029 8.33546
1.98286 -1.28085 8.58762
2.15882 -2.25324 8.08331
2.40516 -2.20462 6.63339
3.0738 -1.71843 6.44427
1.63095 -2.10738 6.88555
2.68669 -2.25324 5.81387
3.21457 -1.62119 5.75083
1.13827 -2.25324 6.38123
0.891925 -0.794649 6.44427
0.856734 -1.62119 6.19211
1.34942 -1.91291 5.30955
2.40516 -2.3991 6.44427
2.29959 -2.25324 6.12907
1.87729 -1.13499 5.87691
3.0738 -1.76705 6.06603
2.6515 -0.308451 6.25515
1.49018 -2.25324 6.57035
1.17346 -0.746029 6.69643
1.45499 -2.44772 6.69643
1.45499 -2.20462 6.19211
1.4198 -1.91291 6.44427
1.13827 -2.10738 6.31819
0.328861 -1.96153 6.57035
0.469627 -2.35048 6.82251
-0.902842 0.0318882 6.25515
-0.0230539 -2.6422 7.51595
-0.726884 -1.13499 7.51595
0.223287 -0.746029 6.06603
-1.64186 -1.52395 7.45291
-0.938033 -3.1284 7.51595
-2.09935 -0.50293 6.00299
1.13827 -2.20462 5.49867
1.10307 -1.47533 4.99435
-2.38089 -1.71843 5.81387
-1.71225 -2.59358 4.427
-1.39552 -3.07978 4.93131
0.821542 -3.03116 6.75947
0.29367 -2.44772 7.01163
-0.339778 -3.71184 7.70507
-0.550927 -2.156 7.89419
-0.832459 -3.95494 6.44427
-1.53629 -3.1284 6.82251
-1.21957 -2.49634 7.76811
-0.797267 -2.25324 7.07467
-1.21957 -0.746029 4.7422
0.786351 2.56012 1.33804
-0.515735 -2.35048 1.65324
1.45499 -2.01015 0.329408
3.42571 -1.86429 7.70507
3.32014 -0.891889 8.14635
-1.00842 0.615326 -0.742269
0.891925 2.36564 -0.0488314
1.94767 0.858426 -0.111871
2.26439 1.15014 0.0772483
0.117712 2.21978 -1.87699
2.89784 2.07392 -2.00307
1.31422 -2.6422 -3.20082
1.49018 -2.3991 -2.19219
1.66614 -1.66981 -2.31826
-0.234203 -2.78806 -1.30963
-1.0788 -1.76705 -1.62483
-0.480544 -1.76705 -3.0117
-0.339778 -1.18361 -3.07474
0.54001 -2.05877 -4.52466
-0.128628 -3.07978 -3.6421
-0.515735 -2.78806 -4.65074
1.4198 -1.81567 -3.51602
-1.57148 -1.96153 -3.3269
-0.973225 -0.989128 -3.45298
-1.81782 -1.23223 -4.39858
-1.99378 -2.30186 -4.2725
0.610393 -1.23223 -3.13778
0.328861 -2.78806 -3.0117
-0.234203 -0.746029 -3.89426
-0.16382 -0.989128 -4.71378
-0.234203 -0.746029 -4.39858
-0.62131 -3.03116 -4.14642
1.03269 -1.52395 -4.33554
0.223287 -1.57257 -5.91154
0.856734 -2.69082 -4.2725
-1.60667 -0.940509 -3.51602
-1.8882 -2.3991 -3.38994
0.0473291 -2.69082 -5.78545
-1.46591 -3.17702 -6.10065
-0.128628 -2.20462 -5.84849
-0.938033 -1.28085 -6.16369
-0.973225 -0.64879 -6.16369
-1.81782 -3.22564 -7.17233
-0.410161 -3.66322 -6.47889
-2.38089 -2.6422 -6.03761
-2.62723 -2.25324 -7.17233
-2.83838 -1.62119 -5.65938
-1.46591 -1.03775 -7.23537
-0.16382 -0.989128 -6.54193
-2.02897 -0.843269 -6.10065
-2.34569 -0.940509 -7.23537
-2.62723 -2.30186 -7.17233
-0.480544 -3.6146 -7.17233
-0.199012 -0.989128 -7.23537
0.54001 -2.98254 -7.17233
0.821542 -1.52395 -7.17233
0.575202 -2.98254 -6.10065
0.856734 -1.52395 -6.16369
0.29367 -2.59358 6.12907
-0.410161 -2.35048 5.30955
-1.04361 -2.98254 5.49867
-0.726884 -3.1284 6.57035
-0.339778 -3.17702 7.20075
3.56648 -6.53179 7.70507
3.14418 -6.67765 6.75947
3.70725 -6.67765 7.20075
3.39052 -5.26767 7.01163
3.8832 -5.46215 7.45291
4.37589 -6.77489 7.57899
3.8832 -6.19145 7.76811
3.9184 -6.04559 6.69643
4.3055 -6.19145 6.06603
4.44627 -5.26767 6.82251
4.62223 -5.80249 8.02027
5.60759 -5.51077 7.01163
5.11491 -5.75387 6.19211
5.60759 -5.94835 7.32683
4.58703 -6.87213 6.82251
5.11491 -6.72627 5.93995
5.36125 -6.72627 7.01163
1.94767 -7.26109 6.44427
1.94767 -6.14283 5.93995
2.26439 -5.0732 6.69643
1.66614 -5.26767 6.88555
0.610393 -6.24007 7.32683
0.821542 -6.48317 5.87691
1.03269 -5.75387 6.00299
0.751159 -7.45557 6.69643
0.188095 -5.55939 5.62475
1.27903 -5.46215 6.69643
-0.374969 -6.43455 6.38123
-0.304586 -5.60801 6.38123
-0.0230539 -5.65663 6.94859
0.575202 -4.97596 7.45291
1.34942 -4.39252 6.69643
1.03269 -4.39252 5.93995
0.645585 -3.46874 6.31819
0.469627 -4.3439 5.56171
-0.269395 -4.3439 6.75947
0.504819 -4.05218 7.01163
1.94767 -5.41353 7.38987
0.715968 -7.60143 7.38987
0.469627 -5.41353 7.70507
1.59576 -7.21247 7.26379
0.504819 -6.04559 8.46154
1.94767 -6.96937 8.08331
0.575202 -7.16385 8.33546
1.73652 -5.85111 8.20938
2.29959 -5.31629 7.32683
2.08844 -5.65663 8.20938
3.77763 -5.51077 8.83978
3.42571 -4.92734 7.89419
2.2292 -7.01799 8.08331
3.98878 -6.92075 8.7137
2.40516 -7.06661 7.26379
3.77763 -7.45557 7.45291
2.01805 -6.24007 7.51595
3.56648 -5.65663 7.70507
0.610393 2.31702 6.63339
1.27903 3.727 6.12907
1.73652 2.70598 4.7422
2.2292 3.14356 3.98572
2.08844 3.62976 3.04012
1.49018 3.58114 4.67916
1.63095 2.56012 3.85964
2.05325 2.2684 5.62475
1.31422 1.68496 6.25515
0.821542 3.58114 4.61612
0.434436 2.46288 4.30092
0.575202 2.9977 2.91404
1.66614 4.31043 3.98572
1.59576 3.09494 2.72492
0.610393 1.49048 5.87691
1.06788 2.2684 3.73356
-0.093437 3.04632 4.61612
0.328861 3.2408 4.04876
0.188095 4.21319 2.5358
1.06788 4.40767 1.33804
1.49018 4.60215 2.78796
1.20865 3.19218 2.28364
2.36997 4.79663 2.72492
2.61631 3.38666 3.92268
2.05325 2.80322 2.5358
2.93303 3.19218 1.65324
2.93303 4.01872 1.77932
3.84801 3.87286 3.22924
3.67206 3.4839 2.28364
3.42571 2.80322 3.22924
4.16474 2.60874 2.97708
4.3055 3.04632 3.60748
4.12954 3.43528 2.5358
4.55184 3.58114 3.1662
4.23512 3.53252 2.15756
5.29086 1.97668 2.28364
-0.128628 3.67838 5.68779
-0.304586 2.31702 5.24651
5.81874 3.87286 1.40108
5.32606 4.06734 1.40108
5.71316 4.21319 1.5902
6.02989 3.4839 1.96844
5.22048 3.87286 2.2206
5.32606 3.67838 1.9054
5.88912 3.87286 2.34668
5.88912 2.90046 2.851
5.1501 3.4839 1.9054
5.36125 3.58114 0.833726
6.13546 3.53252 1.21197
5.85393 3.2408 0.896766
5.25567 3.14356 1.46412
6.02989 2.85184 1.65324
6.02989 2.60874 2.09452
5.53721 2.7546 0.833726
6.13546 2.70598 1.21197
5.88912 2.36564 0.959806
5.18529 2.46288 1.46412
5.81874 2.12254 1.5902
5.1501 2.90046 1.65324
4.83337 2.31702 1.71628
5.64278 2.0253 2.28364
4.41108 2.12254 2.28364
4.93895 1.83082 1.77932
4.65742 2.07392 1.52716
4.55184 1.83082 1.9054
0.9975 1.24738 -4.39858
2.44035 1.58772 -4.33554
1.27903 3.4839 -4.08338
1.73652 1.92806 -5.84849
2.58112 2.70598 -4.14642
-0.339778 1.7822 -3.6421
-0.16382 3.2408 -3.45298
1.87729 3.04632 -5.72241
1.59576 2.7546 -5.84849
0.54001 3.9701 -6.10065
0.434436 1.44186 -6.16369
0.610393 2.0253 -6.16369
0.152904 4.11596 -7.23537
1.63095 4.21319 -6.47889
-0.515735 3.67838 -6.10065
-0.832459 3.28942 -7.23537
-1.18437 2.80322 -5.65938
0.0825206 1.87944 -7.23537
1.31422 1.58772 -6.54193
-0.550927 1.87944 -6.10065
-0.832459 1.92806 -7.17233
-0.832459 3.28942 -7.23537
1.56056 4.21319 -7.17233
1.31422 1.5391 -7.17233
2.44035 3.38666 -7.23537
2.44035 1.92806 -7.17233
2.44035 3.43528 -6.16369
2.44035 1.97668 -6.10065
670
331 332 330 139 8 106
331 330 333 139 106 68
333 330 340 68 106 97
333 340 341 68 97 101
341 340 347 101 97 91
341 347 348 101 91 107
348 347 353 107 91 93
348 353 355 107 93 69
332 331 334 8 139 46
332 334 337 8 46 76
337 334 333 76 46 68
337 333 338 76 68 59
338 333 341 59 68 101
338 341 348 59 101 107
330 332 335 106 8 129
335 332 336 129 8 21
337 338 339 76 59 32
339 338 343 32 59 35
343 338 356 35 59 46
356 338 357 46 59 139
357 338 348 139 59 107
333 334 331 68 46 139
339 343 342 32 35 29
339 342 344 32 29 27
344 342 345 27 29 25
344 345 346 27 25 143
347 349 350 91 119 161
350 349 346 161 119 143
346 349 335 143 119 129
335 349 330 129 119 106
330 349 340 106 119 97
340 349 347 97 119 91
350 351 347 161 82 91
347 351 342 91 82 29
346 336 344 143 21 27
344 336 332 27 21 8
335 336 346 129 21 143
339 332 337 32 8 76
344 332 339 27 8 32
350 346 351 161 143 82
347 342 352 91 29 72
347 352 353 91 72 93
353 352 354 93 72 65
353 354 355 93 65 69
352 342 343 72 29 35
354 352 356 65 72 46
354 356 355 65 46 69
355 356 357 69 46 139
355 357 348 69 139 107
356 352 343 46 72 35
251 253 252 115 91 55
251 252 254 115 55 135
254 252 263 135 55 105
254 263 247 135 105 129
247 263 255 129 105 124
247 255 229 129 124 144
229 255 213 144 124 3
252 253 248 55 91 85
252 248 250 55 85 67
250 248 234 67 85 84
250 234 227 67 84 75
319 317 325 79 76 63
325 317 310 63 76 37
310 317 306 37 76 71
306 317 313 71 76 77
313 317 316 77 76 102
325 310 300 63 37 57
300 310 296 57 37 47
296 310 298 47 37 20
298 310 309 20 37 34
309 310 306 34 37 71
319 323 317 79 161 76
323 316 317 161 102 76
318 319 320 161 79 99
318 320 321 161 99 104
321 320 322 104 99 69
321 322 324 104 69 113
324 322 325 113 69 63
319 318 323 79 161 161
323 318 321 161 161 104
311 306 313 150 71 77
311 313 312 150 77 161
312 313 314 161 77 94
312 314 315 161 94 104
315 314 316 104 94 102
315 316 323 104 102 161
325 300 324 63 57 113
324 300 327 113 57 95
329 300 326 111 57 130
326 300 295 130 57 110
295 300 296 110 57 47
329 328 327 111 114 95
327 328 324 95 114 113
324 328 326 113 114 130
326 328 329 130 114 111
326 295 324 130 110 113
324 295 297 113 110 117
327 300 329 95 57 111
311 299 307 150 150 143
307 299 298 143 150 20
298 299 297 20 150 117
297 299 324 117 150 113
324 299 323 113 150 161
323 299 311 161 150 150
320 319 322 99 79 69
322 319 325 69 79 63
324 323 321 113 161 104
312 315 311 161 104 150
314 313 316 94 77 102
323 311 315 161 150 104
304 305 303 161 26 96
303 305 306 96 26 71
306 305 309 71 26 34
309 305 307 34 26 143
307 305 304 143 26 161
306 308 303 71 113 96
303 308 304 96 113 161
304 308 307 161 113 143
307 308 311 143 113 150
311 308 306 150 113 71
272 280 267 41 68 44
272 267 266 41 44 23
266 267 270 23 44 23
266 270 274 23 23 142
274 270 277 142 23 22
274 277 283 142 22 116
283 277 285 116 22 20
283 285 284 116 20 161
284 285 287 161 20 25
284 287 291 161 25 153
291 287 293 153 25 89
291 293 290 153 89 92
290 293 289 92 89 54
290 289 286 92 54 105
273 279 272 49 111 41
272 279 280 41 111 68
280 279 275 68 111 97
275 279 302 97 111 104
279 265 302 111 132 104
302 265 301 104 132 146
301 265 266 146 132 23
266 265 273 23 132 49
265 279 273 132 111 49
302 281 275 104 161 97
275 281 282 97 161 119
282 281 274 119 161 142
274 281 301 142 161 146
301 281 302 146 161 104
274 301 266 142 146 23
298 293 292 20 89 31
298 292 296 20 31 47
296 292 288 47 31 50
296 288 294 47 50 56
294 288 289 56 50 54
294 289 293 56 54 89
293 295 294 89 110 56
294 295 296 56 110 47
298 297 293 20 117 89
293 297 295 89 117 110
307 298 309 143 20 34
288 292 287 50 31 25
288 287 269 50 25 35
269 287 285 35 25 20
269 285 277 35 20 22
293 287 292 89 25 31
289 278 286 54 55 105
286 278 276 105 55 97
276 278 280 97 55 68
280 278 271 68 55 63
271 278 268 63 55 42
268 278 269 42 55 35
269 278 288 35 55 50
288 278 289 50 55 54
291 290 284 153 92 161
284 290 286 161 92 105
284 286 283 161 105 116
283 286 276 116 105 97
283 276 282 116 97 119
282 276 275 119 97 97
283 282 274 116 119 142
271 268 267 63 42 44
267 268 270 44 42 23
270 268 277 23 42 22
277 268 269 22 42 35
276 280 275 97 68 97
267 280 271 44 68 63
272 266 273 41 23 49
213 258 264 3 2 133
264 258 257 133 2 139
214 213 264 128 3 133
214 264 216 128 133 105
216 264 210 105 133 53
216 210 212 105 53 85
212 210 211 85 53 76
262 210 260 76 53 57
260 210 257 57 53 139
257 210 264 139 53 133
257 258 256 139 2 117
257 256 259 139 117 91
259 256 263 91 117 105
259 263 261 91 105 95
261 263 250 95 105 67
261 250 227 95 67 75
260 257 259 57 139 91
260 259 262 57 91 76
262 259 261 76 91 95
262 261 211 76 95 76
211 261 227 76 95 75
216 212 215 105 85 101
215 212 224 101 85 74
230 231 249 146 161 144
249 231 251 144 161 115
251 231 253 115 161 91
253 231 248 91 161 85
248 231 234 85 161 84
211 210 262 76 53 76
213 255 258 3 124 2
258 255 256 2 124 117
256 255 263 117 124 105
230 249 247 146 144 129
247 249 254 129 144 135
254 249 251 135 144 115
229 230 247 144 146 129
250 263 252 67 105 55
227 228 211 75 32 76
211 228 217 76 32 27
217 228 213 27 32 3
213 228 229 3 32 144
229 228 233 144 32 30
233 228 232 30 32 29
232 228 227 29 32 75
214 217 213 128 27 3
223 226 225 57 70 44
223 225 221 57 44 14
221 225 222 14 44 23
221 222 219 14 23 16
219 222 218 16 23 156
219 218 217 16 156 27
217 218 212 27 156 85
215 226 223 101 70 57
215 223 220 101 57 106
220 223 221 106 57 14
220 221 219 106 14 16
235 207 206 26 148 30
235 206 244 26 30 39
244 206 205 39 30 41
244 205 243 39 41 53
243 205 209 53 41 109
243 209 246 53 109 140
246 209 245 140 109 120
246 245 240 140 120 109
240 245 239 109 120 120
240 239 231 109 120 161
231 239 237 161 120 151
231 237 234 161 151 84
207 235 238 148 26 116
238 235 237 116 26 151
237 235 232 151 26 29
232 235 233 29 26 30
233 235 244 30 26 39
207 238 208 148 116 118
208 238 245 118 116 120
245 238 239 120 116 120
239 238 237 120 116 151
209 208 245 109 118 120
212 211 217 85 76 27
217 214 219 27 128 16
216 220 214 105 106 128
214 220 219 128 106 16
212 218 224 85 156 74
224 218 225 74 156 44
225 218 222 44 156 23
225 226 224 44 70 74
224 226 215 74 70 101
220 216 215 106 105 101
227 234 232 75 84 29
232 234 237 29 84 151
229 233 230 144 30 146
230 233 236 146 30 101
236 233 241 101 30 52
241 233 242 52 30 44
242 233 244 44 30 39
231 236 240 161 101 109
240 236 241 109 101 52
230 236 231 146 101 161
242 243 241 44 53 52
241 243 246 52 53 140
242 244 243 44 39 53
246 240 241 140 109 52
159 22 158 56 105 100
158 22 161 100 105 119
161 22 2 119 105 117
2 22 148 117 105 104
148 22 27 104 105 100
27 22 149 100 105 102
149 22 21 102 105 68
21 22 159 68 105 56
159 158 160 56 100 51
159 160 21 56 51 68
21 160 0 68 51 64
21 0 32 68 64 85
32 0 154 85 64 62
32 154 155 85 62 75
155 154 153 75 62 39
155 153 47 75 39 43
47 153 147 43 39 32
47 147 52 43 32 36
52 147 53 36 32 34
52 53 51 36 34 32
51 53 49 32 34 25
51 49 73 32 25 158
73 49 72 158 25 27
73 72 70 158 27 34
70 72 69 34 27 22
70 69 61 34 22 37
61 69 55 37 22 7
61 55 57 37 7 8
57 55 54 8 7 11
57 54 61 8 11 37
61 54 60 37 11 59
61 60 66 37 59 53
66 60 82 53 59 53
66 82 46 53 53 57
46 82 38 57 53 54
46 38 37 57 54 140
37 38 74 140 54 136
37 74 67 140 136 107
67 74 41 107 136 131
67 41 25 107 131 122
25 41 40 122 131 145
25 40 31 122 145 123
31 40 39 123 145 146
31 39 33 123 146 143
161 2 162 119 117 152
161 162 163 119 152 125
163 162 164 125 152 22
163 164 169 125 22 0
169 164 170 0 22 24
169 170 171 0 24 20
171 170 175 20 24 32
171 175 176 20 32 38
2 1 162 117 153 152
162 1 164 152 153 22
164 1 173 22 153 39
173 1 0 39 153 64
0 1 152 64 153 154
152 1 35 154 153 155
35 1 2 155 153 117
165 166 167 102 107 103
167 166 172 103 107 125
172 166 169 125 107 0
169 166 163 0 107 125
163 166 174 125 107 122
174 166 158 122 107 100
158 166 165 100 107 102
165 168 158 102 76 100
158 168 160 100 76 51
160 168 173 51 76 39
173 168 175 39 76 32
175 168 176 32 76 38
176 168 165 38 76 102
169 171 172 0 20 125
163 174 161 125 122 119
161 174 158 119 122 100
173 0 160 39 64 51
170 164 175 24 22 32
175 164 173 32 22 39
179 177 178 48 35 136
179 178 181 48 136 54
181 178 184 54 136 94
181 184 180 54 94 74
180 184 186 74 94 12
180 186 187 74 12 73
187 186 195 73 12 35
187 195 194 73 35 71
194 195 200 71 35 79
177 179 180 35 48 74
177 180 188 35 74 73
188 180 187 73 74 73
188 187 194 73 73 71
177 182 178 35 7 136
178 182 183 136 7 128
186 184 185 12 94 122
185 184 178 122 94 136
179 181 180 48 54 74
189 190 185 114 106 122
189 185 191 114 122 118
191 185 178 118 122 136
191 178 183 118 136 128
192 189 191 116 114 118
192 191 193 116 118 142
193 191 183 142 118 128
193 183 182 142 128 7
197 196 194 26 34 71
194 196 188 71 34 73
188 196 177 73 34 35
177 196 182 35 34 7
182 196 193 7 34 142
193 196 197 142 34 26
197 194 198 26 71 82
198 194 189 82 71 114
189 194 199 114 71 92
199 194 200 92 71 79
198 193 197 82 142 26
199 200 201 92 79 102
201 200 202 102 79 61
186 185 190 12 122 106
186 190 203 12 106 140
203 190 199 140 106 92
203 199 201 140 92 102
186 204 195 12 50 35
195 204 202 35 50 61
202 204 203 61 50 140
203 204 186 140 50 12
190 189 199 106 114 92
200 195 202 79 35 61
201 202 203 102 61 140
157 7 153 48 42 39
153 7 15 39 42 31
15 7 18 31 42 34
18 7 6 34 42 33
6 7 4 33 42 62
4 7 8 62 42 100
8 7 17 100 42 56
17 7 157 56 42 48
157 153 154 48 39 62
157 154 17 48 62 56
17 154 0 56 62 64
17 0 13 56 64 105
156 3 15 157 25 31
15 3 153 31 25 39
153 3 147 39 25 32
147 3 53 32 25 34
53 3 50 34 25 19
50 3 33 19 25 143
33 3 35 143 25 155
35 3 152 155 25 154
152 3 156 154 25 157
156 15 16 157 31 20
156 16 12 157 20 118
12 16 10 118 20 15
12 10 9 118 15 125
9 10 11 125 15 116
9 11 19 125 116 104
19 11 20 104 116 97
156 12 152 157 118 154
152 12 13 154 118 105
13 12 19 105 118 104
19 12 9 104 118 125
155 23 32 75 67 85
32 23 149 85 67 102
149 23 27 102 67 100
27 23 45 100 67 63
45 23 47 63 67 43
47 23 155 43 67 75
32 149 21 85 102 68
56 54 55 134 11 7
56 55 59 134 7 17
59 55 69 17 7 22
59 69 62 17 22 142
62 69 72 142 22 27
62 72 49 142 27 25
150 151 76 8 24 5
150 76 75 8 5 13
75 76 103 13 5 140
75 103 90 13 140 48
90 103 99 48 140 56
90 99 89 48 56 62
89 99 98 62 56 98
89 98 106 62 98 98
106 98 97 98 98 105
106 97 79 98 105 107
79 97 100 107 105 109
79 100 101 107 109 122
101 100 102 122 109 106
101 102 91 122 106 126
91 102 76 126 106 5
148 27 29 104 100 109
148 29 30 104 109 122
30 29 26 122 109 104
30 26 25 122 104 122
25 26 36 122 104 105
25 36 67 122 105 107
67 36 37 107 105 140
148 30 2 104 122 117
2 30 31 117 122 123
31 30 25 123 122 122
137 145 143 154 99 159
137 143 135 154 159 146
135 143 130 146 159 131
135 130 132 146 131 0
132 130 126 0 131 12
132 126 146 0 12 23
146 126 129 23 12 50
146 129 134 23 50 44
134 129 124 44 50 57
134 124 133 44 57 75
133 124 139 75 57 102
133 139 145 75 102 99
145 139 141 99 102 112
145 141 144 99 112 90
144 141 130 90 112 131
144 130 143 90 131 159
134 133 136 44 75 26
136 133 137 26 75 154
137 133 142 154 75 89
142 133 138 89 75 68
137 131 145 154 120 99
145 131 127 99 120 140
127 131 140 140 120 97
140 131 142 97 120 89
142 131 137 89 120 154
134 136 146 44 26 23
136 135 146 26 146 23
146 135 132 23 146 0
140 142 138 97 89 68
143 145 144 159 99 90
124 128 141 57 138 112
141 128 130 112 138 131
130 128 126 131 138 12
126 128 124 12 138 57
124 141 139 57 112 102
137 135 136 154 146 26
129 126 124 50 12 57
133 125 138 75 59 68
138 125 127 68 59 140
127 125 145 140 59 99
145 125 133 99 59 75
140 138 127 97 68 140
122 120 121 0 59 44
121 120 123 44 59 112
123 120 122 112 59 0
110 79 88 113 107 148
88 79 78 148 107 22
109 79 110 111 107 113
109 110 111 111 113 92
111 110 86 92 113 82
111 86 112 92 82 66
112 86 85 66 82 72
112 85 84 66 72 62
84 85 107 62 72 47
84 107 83 62 47 53
106 79 119 98 107 105
106 119 118 98 105 69
118 119 115 69 105 74
118 115 114 69 74 62
114 115 116 62 74 44
114 116 113 62 44 48
113 116 104 48 44 46
113 104 118 48 46 69
118 104 106 69 46 98
108 78 107 33 22 47
107 78 79 47 22 107
109 83 79 111 53 107
79 83 107 107 53 47
78 108 88 22 33 148
88 108 87 148 33 158
87 108 85 158 33 72
85 108 107 72 33 47
78 105 117 22 31 31
117 105 116 31 31 44
116 105 104 44 31 46
104 105 89 46 31 62
89 105 93 62 31 30
93 105 96 30 31 34
96 105 78 34 31 22
114 113 118 62 48 69
115 117 116 74 31 44
110 88 86 113 148 82
84 83 112 62 53 66
112 83 109 66 53 111
112 109 111 66 111 92
89 106 104 62 98 46
98 99 97 98 56 105
97 99 103 105 56 140
101 77 79 122 124 107
79 77 74 107 124 136
74 77 43 136 124 132
102 100 103 106 109 140
103 100 97 140 109 105
103 76 102 140 5 106
101 91 77 122 126 124
92 93 96 37 30 34
92 96 150 37 34 8
150 96 95 8 34 34
150 95 151 8 34 24
151 95 94 24 34 19
151 94 91 24 19 126
91 94 77 126 19 124
96 78 95 34 22 34
95 78 94 34 22 19
94 78 77 19 22 124
77 78 68 124 22 12
68 78 80 12 22 37
151 91 76 24 126 5
150 90 92 8 48 37
92 90 89 37 48 62
93 92 89 30 37 62
90 150 75 48 8 13
88 87 86 148 158 82
86 87 85 82 158 72
82 60 68 53 59 12
68 60 54 12 59 11
43 42 41 132 121 131
41 42 40 131 121 145
38 81 74 54 100 136
74 81 79 136 100 107
38 82 81 54 53 100
81 82 80 100 53 37
80 82 68 37 53 12
68 43 77 12 132 124
41 74 43 131 136 132
71 64 73 28 73 158
73 64 51 158 73 32
51 64 48 32 73 43
48 64 65 43 73 67
65 64 66 67 73 53
66 64 61 53 73 37
61 64 71 37 73 28
73 70 71 158 34 28
71 70 61 28 34 37
49 72 25 25 27 122
58 63 43 132 131 132
43 63 42 132 131 121
42 63 40 121 131 145
43 68 58 132 12 132
58 68 56 132 12 134
56 68 54 134 12 11
62 49 40 142 25 145
40 49 50 145 25 19
50 49 53 19 25 34
40 63 62 145 131 142
62 63 58 142 131 132
36 26 24 105 104 100
36 24 65 105 100 67
65 24 44 67 100 63
65 44 48 67 63 43
48 44 34 43 63 46
48 34 52 43 46 36
52 34 47 36 46 43
66 46 65 53 57 67
65 46 37 67 57 140
62 58 59 142 132 17
59 58 56 17 132 134
45 47 34 63 43 46
45 34 28 63 46 56
28 34 44 56 46 63
28 44 24 56 63 100
40 50 39 145 19 146
39 50 33 146 19 143
51 48 52 32 43 36
27 45 28 100 63 56
27 28 29 100 56 109
29 28 24 109 56 100
29 24 26 109 100 104
37 36 65 140 105 67
31 33 2 123 143 117
2 33 35 117 143 155
4 5 6 62 39 33
6 5 14 33 39 20
14 11 10 20 116 15
14 10 6 20 15 33
6 10 16 33 15 20
6 16 18 33 20 34
18 16 15 34 20 31
0 152 13 64 154 105
17 13 8 56 105 100
8 13 19 100 105 104
19 20 8 104 97 100
8 20 4 100 97 62
