162
-0.525731 0 0.850651 
-0.442863 0.238856 0.864188 
-0.295242 0 0.955423 
-0.309017 0.5 0.809017 
-0.16246 0.262866 0.951056 
0 0 1 
0 0.850651 0.525731 
-0.147621 0.716567 0.681718 
0.147621 0.716567 0.681718 
0 0.525731 0.850651 
0.309017 0.5 0.809017 
0.525731 0 0.850651 
0.295242 0 0.955423 
0.442863 0.238856 0.864188 
0.16246 0.262866 0.951056 
-0.681718 0.147621 0.716567 
-0.809017 0.309017 0.5 
-0.587785 0.425325 0.688191 
-0.850651 0.525731 0 
-0.864188 0.442863 0.238856 
-0.716567 0.681718 0.147621 
-0.688191 0.587785 0.425325 
-0.5 0.809017 0.309017 
-0.238856 0.864188 0.442863 
-0.425325 0.688191 0.587785 
-0.716567 0.681718 -0.147621 
-0.5 0.809017 -0.309017 
-0.525731 0.850651 0 
0 0.850651 -0.525731 
-0.238856 0.864188 -0.442863 
0 0.955423 -0.295242 
-0.262866 0.951056 -0.16246 
0 1 0 
0 0.955423 0.295242 
-0.262866 0.951056 0.16246 
0.238856 0.864188 0.442863 
0.262866 0.951056 0.16246 
0.5 0.809017 0.309017 
0.238856 0.864188 -0.442863 
0.262866 0.951056 -0.16246 
0.5 0.809017 -0.309017 
0.850651 0.525731 0 
0.716567 0.681718 0.147621 
0.716567 0.681718 -0.147621 
0.525731 0.850651 0 
0.425325 0.688191 0.587785 
0.864188 0.442863 0.238856 
0.688191 0.587785 0.425325 
0.809017 0.309017 0.5 
0.681718 0.147621 0.716567 
0.587785 0.425325 0.688191 
0.955423 0.295242 0 
1 0 0 
0.951056 0.16246 0.262866 
0.850651 -0.525731 0 
0.955423 -0.295242 0 
0.864188 -0.442863 0.238856 
0.951056 -0.16246 0.262866 
0.809017 -0.309017 0.5 
0.681718 -0.147621 0.716567 
0.850651 0 0.525731 
0.864188 0.442863 -0.238856 
0.809017 0.309017 -0.5 
0.951056 0.16246 -0.262866 
0.525731 0 -0.850651 
0.681718 0.147621 -0.716567 
0.681718 -0.147621 -0.716567 
0.850651 0 -0.525731 
0.809017 -0.309017 -0.5 
0.864188 -0.442863 -0.238856 
0.951056 -0.16246 -0.262866 
0.147621 0.716567 -0.681718 
0.309017 0.5 -0.809017 
0.425325 0.688191 -0.587785 
0.442863 0.238856 -0.864188 
0.587785 0.425325 -0.688191 
0.688191 0.587785 -0.425325 
-0.147621 0.716567 -0.681718 
-0.309017 0.5 -0.809017 
0 0.525731 -0.850651 
-0.525731 0 -0.850651 
-0.442863 0.238856 -0.864188 
-0.295242 0 -0.955423 
-0.16246 0.262866 -0.951056 
0 0 -1 
0.295242 0 -0.955423 
0.16246 0.262866 -0.951056 
-0.442863 -0.238856 -0.864188 
-0.309017 -0.5 -0.809017 
-0.16246 -0.262866 -0.951056 
0 -0.850651 -0.525731 
-0.147621 -0.716567 -0.681718 
0.147621 -0.716567 -0.681718 
0 -0.525731 -0.850651 
0.309017 -0.5 -0.809017 
0.442863 -0.238856 -0.864188 
0.16246 -0.262866 -0.951056 
0.238856 -0.864188 -0.442863 
0.5 -0.809017 -0.309017 
0.425325 -0.688191 -0.587785 
0.716567 -0.681718 -0.147621 
0.688191 -0.587785 -0.425325 
0.587785 -0.425325 -0.688191 
0 -0.955423 -0.295242 
0 -1 0 
0.262866 -0.951056 -0.16246 
0 -0.850651 0.525731 
0 -0.955423 0.295242 
0.238856 -0.864188 0.442863 
0.262866 -0.951056 0.16246 
0.5 -0.809017 0.309017 
0.716567 -0.681718 0.147621 
0.525731 -0.850651 0 
-0.238856 -0.864188 -0.442863 
-0.5 -0.809017 -0.309017 
-0.262866 -0.951056 -0.16246 
-0.850651 -0.525731 0 
-0.716567 -0.681718 -0.147621 
-0.716567 -0.681718 0.147621 
-0.525731 -0.850651 0 
-0.5 -0.809017 0.309017 
-0.238856 -0.864188 0.442863 
-0.262866 -0.951056 0.16246 
-0.864188 -0.442863 0.238856 
-0.809017 -0.309017 0.5 
-0.688191 -0.587785 0.425325 
-0.681718 -0.147621 0.716567 
-0.442863 -0.238856 0.864188 
-0.587785 -0.425325 0.688191 
-0.309017 -0.5 0.809017 
-0.147621 -0.716567 0.681718 
-0.425325 -0.688191 0.587785 
-0.16246 -0.262866 0.951056 
0.442863 -0.238856 0.864188 
0.16246 -0.262866 0.951056 
0.309017 -0.5 0.809017 
0.147621 -0.716567 0.681718 
0 -0.525731 0.850651 
0.425325 -0.688191 0.587785 
0.587785 -0.425325 0.688191 
0.688191 -0.587785 0.425325 
-0.955423 0.295242 0 
-0.951056 0.16246 0.262866 
-1 0 0 
-0.850651 0 0.525731 
-0.955423 -0.295242 0 
-0.951056 -0.16246 0.262866 
-0.864188 0.442863 -0.238856 
-0.951056 0.16246 -0.262866 
-0.809017 0.309017 -0.5 
-0.864188 -0.442863 -0.238856 
-0.951056 -0.16246 -0.262866 
-0.809017 -0.309017 -0.5 
-0.681718 0.147621 -0.716567 
-0.681718 -0.147621 -0.716567 
-0.850651 0 -0.525731 
-0.688191 0.587785 -0.425325 
-0.587785 0.425325 -0.688191 
-0.425325 0.688191 -0.587785 
-0.425325 -0.688191 -0.587785 
-0.587785 -0.425325 -0.688191 
-0.688191 -0.587785 -0.425325 
365
2.79546 0.364219 3.31158
2.66018 0.887226 2.52713
2.16412 0.102715 2.57616
2.66018 1.62815 3.21352
2.02884 1.45382 2.33102
0.991633 1.4974 3.7038
1.57788 1.41023 4.14505
1.08182 0.320635 3.85088
1.66807 0.669306 4.29213
1.12692 0.582138 2.03686
1.39749 0.102715 2.18394
1.48769 0.407803 1.69366
-0.45143 -0.0716201 2.282
0.360293 -0.28954 1.44852
1.71316 0.669306 1.69366
1.44259 0.843642 1.59561
1.3073 1.19231 2.03686
-0.406334 1.2359 2.42908
0.405389 1.36665 1.54658
0.766155 1.14873 3.06644
0.81125 0.407803 3.16449
0.856346 0.538555 1.30144
0.405389 2.45625 -0.610639
0.630867 0.669306 -1.68925
0.856346 0.800058 -0.855777
-1.57882 2.49983 -1.29703
0.0897188 2.45625 -1.64022
-2.07488 2.63058 -2.03244
-2.70622 0.0591316 -1.88536
-2.21016 0.320635 -1.19897
-0.225951 -0.725379 -0.561611
-0.722004 -0.681795 -1.34605
0.856346 -0.856131 2.282
-0.271047 -0.725379 2.87033
-0.0455684 0.71289 0.516998
-1.71411 2.23833 -2.71883
0.315197 1.27948 -3.11105
1.3073 0.582138 1.3995
0.946538 1.7589 2.47811
-0.0906642 1.58457 3.06644
1.44259 2.54341 2.03686
1.44259 0.582138 1.0563
1.26221 -1.50989 1.64464
-0.631813 -1.64064 2.57616
-0.0906642 2.587 2.67422
0.991633 3.32792 1.10533
0.766155 -2.0329 0.615054
1.53278 0.756474 -0.659667
-1.30825 -1.24839 2.282
-0.857292 2.3255 2.33102
0.721059 3.11001 -0.169389
0.540676 -1.50989 -0.561611
-1.93959 -0.725379 1.10533
-1.62392 2.3255 1.25241
-0.000472713 -0.768963 0.0757491
-1.62392 0.0591316 -0.414528
-1.21806 2.28191 -0.463556
0.630867 2.49983 -0.0223063
-2.25526 0.407803 -2.57175
-0.000472713 0.320635 -3.06202
5.81688 -1.33555 1.25241
5.5463 -1.68422 0.958248
5.05025 -1.64064 1.88977
5.45611 -1.29197 1.9388
5.14044 -0.594627 1.98783
4.59929 -0.681795 1.98783
4.77967 -0.115204 1.0563
5.27573 -0.158788 1.35047
5.41101 -0.768963 0.418943
5.72669 -0.638211 0.860192
6.17764 -0.115204 0.664082
5.18554 -0.507459 2.38005
5.68159 -0.463875 0.762137
5.86197 0.0591316 2.18394
6.17764 -0.812547 1.00728
6.53841 -0.115204 0.860192
6.49331 -0.115204 2.38005
5.72669 -0.856131 2.282
5.09534 -0.0280362 2.18394
4.96006 0.0591316 1.25241
5.27573 0.277051 1.30144
5.50121 0.0591316 1.10533
5.90707 0.364219 1.64464
5.99726 0.800058 1.79172
6.08745 0.494971 1.00728
1.03673 4.37394 -2.62077
-0.271047 4.46111 -1.98341
0.0897188 4.89695 -1.19897
-1.12787 5.24562 -2.1305
-0.000472713 5.76862 -0.904805
1.53278 5.07128 -2.17953
1.26221 5.0277 -1.34605
1.71316 6.29163 -2.37564
0.134814 5.59429 -3.79744
3.15623 2.587 -6.15077
4.464 2.67417 -6.64105
3.06604 2.45625 -6.93521
4.5091 2.587 -6.93521
1.71316 1.88966 -6.59202
1.66807 2.06399 -6.93521
0.630867 3.28434 -6.88619
0.585772 3.15359 -6.15077
1.44259 4.67903 -6.1998
1.71316 4.41752 -6.93521
4.464 3.72018 -6.88619
4.41891 3.58943 -6.59202
3.15623 3.80735 -6.15077
3.11113 3.9381 -6.93521
4.14833 2.49983 -3.45425
2.93075 1.84607 -3.06202
2.70527 4.06885 -2.76786
4.01305 3.85093 -3.25813
2.02884 2.89209 -3.11105
-4.64533 -0.638211 -6.15077
-4.69043 -1.85856 -7.0823
-3.83361 -0.856131 -6.29785
-4.961 -1.77139 -7.13132
-4.32966 -0.681795 -3.99355
-4.41985 0.146299 -4.9741
-3.51794 0.538555 -4.9741
-3.60813 -0.638211 -3.69938
-3.60813 -2.20723 -4.4348
-4.37476 -2.12006 -4.28772
-3.78851 -2.0329 -5.95466
-4.64533 -2.5559 -6.49396
-4.91591 -2.64307 -6.39591
-4.60024 -2.12006 -5.70952
0.0897188 -2.0329 -4.63091
0.17991 0.146299 -5.07216
0.0897188 -0.551043 -6.29785
0.044623 -1.90214 -6.05271
-0.271047 -0.812547 -4.18966
1.3524 0.538555 -4.67994
0.766155 -0.333124 -3.5523
1.17202 -0.158788 -4.63091
1.12692 -0.0280362 -2.81689
1.48769 0.538555 -2.42466
1.12692 0.582138 -1.7873
0.134814 -0.28954 -1.44411
0.450485 1.7589 -1.49314
1.21711 1.32306 -1.7873
1.57788 1.41023 -2.6698
0.991633 -0.0716201 -1.68925
2.29941 1.14873 -4.4348
0.405389 0.625722 -3.5523
1.3073 1.97682 -3.40522
1.93864 2.06399 -4.58188
4.73458 2.54341 -3.60133
4.01305 2.06399 -3.30716
4.5542 2.02041 -2.47369
5.32082 2.71775 -1.83633
5.27573 3.41509 -1.73828
4.59929 3.98168 -3.40522
5.05025 2.45625 -1.39508
3.78757 4.1996 -3.013
3.02094 3.11001 -3.79744
4.91496 3.50226 -1.248
4.32872 4.15602 -2.17953
2.93075 3.37151 -3.94452
-0.631813 2.67417 -2.96397
3.15623 2.15116 -3.40522
-0.271047 1.06156 -2.42466
3.83266 3.11001 -3.20911
3.24642 2.41266 -2.27758
-0.722004 3.41509 -1.49314
2.3896 3.85093 -2.42466
-1.53373 1.84607 -1.68925
3.15623 3.58943 -2.1305
-0.180856 2.587 -0.3655
-0.000472713 1.2359 -0.757722
1.62297 1.32306 1.69366
1.26221 1.45382 1.59561
1.26221 0.71289 2.62519
1.26221 1.71532 2.87033
0.721059 1.84607 2.38005
0.585772 1.32306 3.85088
0.675963 0.233467 3.94894
-0.000472713 0.0155477 3.94894
-0.180856 1.41023 3.80185
0.991633 -0.507459 2.62519
1.75826 0.0155477 1.88977
1.3524 -0.245956 1.9388
1.48769 0.800058 3.31158
3.02094 0.364219 3.60574
2.75037 0.320635 4.34116
2.56998 1.80249 4.19408
3.02094 0.277051 3.01741
3.06604 0.974394 3.06644
2.07393 -0.28954 3.45866
1.17202 0.320635 4.43922
2.16412 0.669306 4.63533
1.03673 1.45382 4.34116
1.80336 2.06399 3.21352
2.07393 1.36665 4.53727
2.84056 1.62815 3.45866
2.88565 1.54098 2.8213
2.47979 0.800058 1.98783
1.53278 -0.202372 2.96838
1.57788 0.0155477 3.06644
1.62297 0.146299 3.50769
2.20922 -0.768963 3.85088
2.11903 0.233467 3.50769
1.98374 0.146299 3.01741
2.47979 -0.507459 3.80185
2.47979 -0.768963 3.50769
2.93075 -0.725379 4.19408
1.39749 1.54098 2.91936
1.84845 1.4974 2.87033
2.11903 2.54341 3.21352
1.98374 1.54098 3.36061
1.48769 1.4974 3.36061
2.16412 2.36908 3.50769
1.84845 2.54341 3.50769
2.56998 2.76133 3.80185
2.47979 0.843642 2.38005
2.61508 0.669306 2.57616
3.29152 0.756474 2.282
2.79546 0.887226 2.72325
2.56998 1.06156 2.52713
3.29152 0.93081 2.47811
3.24642 1.06156 2.282
3.69738 0.974394 2.52713
3.33661 -1.11763 -0.3655
2.56998 -1.81498 -0.904805
3.78757 -1.50989 -0.512583
2.97585 -2.0329 -0.855777
3.06604 -2.73024 -0.512583
3.96795 -2.46874 0.0267214
2.70527 -2.94816 -0.316473
3.56209 -2.68665 0.418943
3.51699 -2.20723 1.00728
3.29152 -0.943298 0.369915
3.15623 -1.37914 1.10533
3.78757 -1.46631 -0.169389
3.92286 -2.25082 0.222832
5.50121 -0.725379 0.762137
5.5914 -1.42272 1.10533
4.91496 -0.681795 1.88977
5.23063 -1.37914 1.79172
5.05025 -0.28954 1.20339
2.97585 -1.16122 0.0757491
-0.0455684 -2.07648 1.0563
2.79546 -2.16365 -0.169389
0.270102 -0.681795 1.0563
3.96795 -1.85856 0.0267214
3.38171 -1.42272 1.00728
0.405389 -2.38157 2.13491
3.24642 -2.42515 0.762137
-0.496526 -1.24839 1.84075
0.585772 -1.2048 2.38005
0.81125 5.5507 -4.53286
2.88565 7.38123 -1.88536
0.721059 6.42238 -4.04258
3.29152 6.59672 -2.03244
-2.11997 4.94053 -4.82702
-2.25526 4.33035 -5.17022
-1.98468 4.80978 -1.83633
-1.75921 5.81221 -1.68925
0.134814 6.68389 0.762137
0.17991 5.81221 0.958248
2.07393 6.94539 0.0267214
2.29941 6.46597 0.0757491
-1.57882 3.76376 -1.29703
-2.07488 2.93567 -0.3655
-1.30825 3.24076 -1.10092
-2.21016 3.37151 -0.561611
-1.71411 4.67903 -0.757722
-2.30035 3.98168 -0.120362
-1.53373 4.72261 -0.169389
-2.30035 4.02527 0.320888
-0.225951 3.9381 -0.267445
-0.586717 3.45868 -0.904805
-0.7671 4.63544 -0.169389
-1.30825 3.85093 -1.19897
-1.44354 4.59186 -0.757722
-0.13576 4.89695 -2.52272
-0.225951 5.59429 -2.08147
0.81125 4.98411 -1.68925
0.360293 5.63787 -1.59119
0.540676 4.54827 -2.22855
-1.62392 3.85093 -0.0223063
-0.180856 2.71775 2.52713
-1.08277 3.24076 -0.659667
0.315197 1.80249 1.49755
-0.316143 3.9381 -0.757722
-1.21806 4.1996 -1.05189
0.675963 3.58943 2.38005
-0.857292 4.59186 -0.120362
0.901442 2.06399 2.57616
1.3073 2.80492 1.64464
1.93864 4.80978 3.80185
1.26221 4.54827 3.16449
2.25431 4.67903 3.60574
1.75826 4.37394 2.8213
2.02884 4.37394 3.94894
1.62297 4.02527 3.36061
3.06604 4.41752 4.83144
1.21711 3.63301 1.98783
0.540676 3.6766 2.57616
1.3073 3.15359 2.8213
0.0897188 4.41752 2.52713
-0.902387 3.37151 2.42908
-0.271047 4.50469 1.88977
1.26221 3.11001 0.664082
0.721059 4.37394 1.10533
1.3524 4.28677 1.49755
0.856346 1.88966 3.85088
2.11903 1.7589 2.8213
1.66807 2.10758 1.35047
0.856346 3.02284 3.7038
-0.45143 2.36908 3.11547
2.11903 2.8485 2.67422
-0.541621 2.97925 2.87033
1.57788 2.71775 1.15436
1.75826 3.9381 2.08589
0.49558 4.11243 3.11547
2.4347 -1.68422 4.29213
1.89355 -2.38157 3.7038
2.25431 -1.94573 4.43922
2.20922 -1.98931 3.40963
1.71316 -1.72781 3.7038
1.98374 -1.55347 4.43922
2.34451 -0.638211 5.37074
1.17202 -1.55347 2.8213
1.08182 -2.46874 2.67422
1.71316 -2.0329 2.23297
1.3073 -3.73267 2.33102
-0.000472713 -3.34041 2.23297
1.26221 -3.29683 2.91936
2.20922 -3.07891 1.69366
1.98374 -1.94573 0.860192
2.3896 -2.51232 2.08589
1.3524 -0.856131 1.0563
0.81125 0.0155477 2.33102
-0.316143 -0.812547 3.16449
-0.631813 -2.20723 2.47811
0.405389 -1.55347 3.45866
1.57788 -0.768963 2.67422
-0.225951 -2.73024 2.52713
1.75826 -1.37914 1.15436
2.25431 -1.81498 2.52713
1.08182 -2.64307 3.36061
1.17202 -0.202372 -6.39591
0.225006 -0.158788 -6.15077
0.134814 -0.638211 -6.88619
1.93864 -1.07405 -6.88619
1.93864 -1.72781 -6.78813
0.0897188 -2.07648 -6.59202
2.29941 -0.812547 -6.49396
-0.676909 -1.03047 -5.26827
0.17991 -2.25082 -5.75855
2.25431 -1.85856 -6.29785
1.12692 -2.33798 -5.95466
-0.0906642 -0.158788 -5.51341
-2.30035 -0.551043 -2.32661
-0.676909 -1.37914 -5.66049
-1.62392 1.06156 -2.32661
0.81125 -0.463875 -4.82702
0.405389 -1.16122 -5.8566
0.044623 -1.85856 -4.23869
-1.26315 -1.24839 -1.29703
-1.8494 0.407803 -0.953833
0.766155 -1.59706 -4.63091
-0.0455684 -0.463875 -1.00286
-0.180856 0.887226 -1.39508
634
2 0 1 105 138 52
2 1 14 105 52 70
2 14 10 105 70 105
2 10 20 105 105 150
2 20 7 105 150 116
2 7 0 105 116 138
4 1 3 44 52 50
4 3 5 44 50 27
4 5 19 44 27 27
4 19 16 44 27 43
4 16 14 44 43 70
4 14 1 44 70 52
6 7 5 17 116 27
7 5 20 116 27 150
5 20 19 27 150 27
20 19 12 150 27 151
19 12 17 27 151 34
8 6 3 127 17 50
8 3 0 127 50 138
10 11 9 105 94 85
10 9 21 105 85 70
10 21 13 105 70 91
10 13 12 105 91 151
10 12 20 105 151 150
15 11 14 74 94 70
15 14 16 74 70 43
15 16 9 74 43 85
15 9 11 74 85 94
16 17 18 43 34 86
16 18 21 43 86 70
16 21 9 43 70 85
11 10 14 94 105 70
3 1 0 50 52 138
7 8 0 116 127 138
13 21 18 91 70 86
13 18 12 91 86 151
5 3 6 27 50 17
7 6 8 116 17 127
17 16 19 34 43 27
18 17 12 86 34 151
24 22 23 68 61 100
24 23 30 68 100 115
24 30 54 68 115 91
24 54 51 68 91 93
24 51 47 68 93 69
24 47 50 68 69 75
24 50 57 68 75 62
24 57 22 68 62 61
26 22 25 43 61 23
26 25 27 43 23 31
26 27 35 43 31 79
26 35 36 43 79 66
25 29 28 23 144 142
25 28 27 23 142 31
31 29 30 115 144 115
29 30 55 144 115 151
30 55 54 115 151 91
55 54 51 151 91 93
28 29 31 142 144 115
28 31 58 142 115 154
31 30 23 115 115 100
31 23 59 115 100 93
32 33 34 14 5 5
32 34 37 14 5 12
37 34 38 12 5 137
38 34 39 137 5 2
39 34 33 2 5 5
37 38 40 12 137 49
37 40 41 12 49 56
37 41 42 12 56 135
37 42 32 12 135 14
33 32 42 5 14 135
33 42 43 5 135 144
39 33 43 2 5 144
39 43 44 2 144 23
38 39 40 137 2 49
39 40 44 2 49 23
40 44 45 49 23 42
44 45 49 23 42 22
45 49 53 42 22 27
41 40 45 56 49 42
41 45 47 56 42 69
41 47 46 56 69 104
41 46 42 56 104 135
43 42 46 144 135 104
43 46 48 144 104 142
44 43 49 23 144 22
43 49 48 144 22 142
49 48 53 22 142 27
48 53 52 142 27 151
53 52 56 27 151 31
52 56 55 151 31 151

56 55 25 31 151 23
55 25 29 151 23 144
47 45 50 69 42 75
47 51 46 69 93 104
52 46 51 151 104 93
52 51 55 151 93 151
48 46 52 142 104 151
45 53 50 42 27 75
53 50 56 27 75 31
50 56 57 75 31 62
56 57 22 31 62 61
25 22 56 23 61 31
23 26 36 100 43 66
23 36 59 100 66 93
58 31 59 154 115 93
27 28 58 31 142 154
27 58 35 31 154 79
23 22 26 100 61 43
35 58 59 79 154 93
35 59 36 79 93 66
61 62 60 150 108 114
62 60 63 108 114 136
60 63 74 114 136 115
63 74 77 136 115 139
74 77 76 115 139 56
77 76 73 139 56 35
76 73 83 56 35 62
62 64 63 108 49 136
64 63 71 49 136 45
63 71 77 136 45 139
71 77 73 45 139 35
65 64 62 4 49 108
65 66 64 4 33 49
66 64 67 33 49 39
64 67 71 49 39 45
67 71 79 39 45 31
69 67 68 84 39 78
69 68 61 84 78 150
69 61 60 84 150 114
69 60 72 84 114 154
69 72 67 84 154 39
66 68 67 33 78 39
65 62 61 4 108 150
65 61 66 4 150 33
68 66 61 78 33 150
71 72 70 45 154 149
71 70 73 45 149 35
72 74 70 154 115 149
74 70 75 115 149 92
70 75 84 149 92 157
75 84 83 92 157 62
75 74 76 92 115 56
75 76 83 92 56 62
71 79 78 45 31 51
79 78 80 31 51 77
78 80 82 51 77 74
80 82 81 77 74 93
72 81 80 154 93 77
72 80 79 154 77 31
78 82 81 51 74 93
79 67 72 31 39 154
84 83 73 157 62 35
84 73 70 157 35 149
74 72 60 115 154 114
72 71 78 154 45 51
72 78 81 154 51 93
85 86 87 152 25 142
86 87 89 25 142 7
87 89 91 142 7 128
89 91 92 7 128 138
91 92 90 128 138 119
92 90 93 138 119 68
90 93 85 119 68 152
93 85 88 68 152 77
85 88 86 152 77 25
88 86 89 77 25 7
89 88 93 7 77 68
89 93 92 7 68 138
87 91 90 142 128 119
87 90 85 142 119 152
94 95 96 112 139 92
94 96 99 112 92 93
94 99 98 112 93 114
94 98 109 112 114 121
94 109 108 112 121 138
94 108 111 112 138 60
94 111 106 112 60 37
94 106 95 112 37 139
96 95 97 92 139 68
95 97 105 139 68 48
97 105 104 68 48 44
105 104 106 48 44 37
104 106 107 44 37 71
106 107 103 37 71 77
98 99 100 114 93 149
98 100 101 114 149 141
98 101 112 114 141 146
98 112 109 114 146 121
102 101 100 34 141 149
102 100 103 34 149 77
102 103 106 34 77 37
102 106 110 34 37 9
102 110 101 34 9 141
108 109 110 138 121 9
108 110 111 138 9 60
97 107 96 68 71 92
107 96 103 71 92 77
96 103 99 92 77 93
103 99 100 77 93 149
107 97 104 71 68 44
95 106 105 139 37 48
106 111 110 37 60 9
110 112 101 9 146 141
109 112 110 121 146 9
115 113 114 52 65 59
115 114 123 52 59 121
115 123 130 52 121 110
115 130 129 52 110 60
115 129 128 52 60 45
115 128 119 52 45 38
115 119 118 52 38 74
115 118 113 52 74 65
113 116 114 65 101 59
116 114 124 101 59 108
114 124 123 59 108 121
124 123 125 108 121 115
123 125 126 121 115 88
118 119 117 74 38 156
119 117 120 38 156 19
117 120 121 156 19 123
120 121 127 19 123 127
121 127 123 123 127 121
127 123 130 127 121 110
122 117 121 160 156 123
122 121 123 160 123 121
122 123 126 160 121 88
125 124 116 115 108 101
127 128 129 127 45 60
127 129 130 127 60 110
126 116 113 88 101 65
126 113 122 88 65 160
125 116 126 115 101 88
131 127 120 24 127 19
131 120 119 24 19 38
131 119 128 24 38 45
118 117 122 74 156 160
118 122 113 74 160 65
127 131 128 127 24 45
132 133 134 93 151 105
133 134 135 151 105 112
134 135 132 105 112 93
135 132 136 112 93 56
132 136 143 93 56 74
136 143 141 56 74 53
143 141 146 74 53 41
141 146 145 53 41 31
146 145 143 41 31 74
145 143 144 31 74 147
143 144 132 74 147 93
144 132 133 147 93 151
137 138 139 139 130 7
137 139 140 139 7 60
137 140 141 139 60 53
137 141 136 139 53 56
137 136 135 139 56 112
137 135 142 139 112 138
137 142 138 139 138 130
141 140 139 53 60 7
141 139 145 53 7 31
144 139 133 147 7 151
139 133 138 7 151 130
133 138 135 151 130 112
138 135 142 130 112 138
145 139 144 31 7 147
147 148 149 102 117 118
147 149 150 102 118 111
147 150 151 102 111 57
147 151 152 102 57 61
147 152 155 102 61 83
147 155 148 102 83 117
150 149 153 111 118 136
150 153 151 111 136 57
154 155 152 21 83 61
154 152 157 21 61 6
156 153 149 4 136 118
156 149 157 4 118 6
151 153 156 57 136 4
148 155 154 117 83 21
148 154 149 117 21 118
157 152 151 6 61 57
157 151 156 6 57 4
149 154 157 118 21 6
160 158 159 88 158 141
158 159 165 158 141 32
159 165 164 141 32 9
165 164 167 32 9 41
164 167 168 9 41 60
167 168 163 41 60 100
168 163 169 60 100 136
163 169 161 100 136 114
160 159 161 88 141 114
160 163 162 88 100 74
160 162 158 88 74 158
166 159 164 126 141 9
166 164 169 126 9 136
166 169 161 126 136 114
166 161 159 126 114 141
161 163 160 114 100 88
164 168 169 9 60 136
162 163 167 74 100 41
162 167 165 74 41 32
162 165 158 74 32 158
172 170 171 84 52 96
172 171 174 84 96 32
172 174 178 84 32 18
173 174 170 36 32 52
173 170 195 36 52 41
173 195 192 36 41 33
173 192 191 36 33 21
173 191 175 36 21 21
173 175 174 36 21 32
177 178 176 152 18 125
178 176 175 18 125 21
176 175 189 125 21 123
175 189 191 21 123 21
189 191 190 123 21 128
191 190 193 21 128 1
190 193 184 128 1 137
193 184 185 1 137 14
184 185 183 137 14 138
185 183 187 14 138 59
183 187 186 138 59 112
187 186 196 59 112 70
179 177 176 103 152 125
179 176 197 103 125 104
179 197 180 103 104 55
179 180 181 103 55 86
182 172 180 70 84 55
182 180 186 70 55 112
182 186 196 70 112 70
182 196 195 70 70 41
182 195 170 70 41 52
182 170 172 70 52 84
188 183 186 122 138 112
188 186 197 122 112 104
188 197 189 122 104 123
188 189 190 122 123 128
188 190 184 122 128 137
188 184 183 122 137 138
192 185 193 33 14 1
192 193 191 33 1 21
194 185 192 50 14 33
194 192 195 50 33 41
195 196 187 41 70 59
195 187 194 41 59 50
180 197 186 55 104 112
197 176 189 104 125 123
187 185 194 59 14 50
175 178 174 21 18 32
174 171 170 32 96 52
179 181 172 103 86 84
179 172 177 103 84 152
178 177 172 18 152 84
172 181 180 84 86 55
198 199 200 89 20 145
198 200 204 89 145 101
198 204 202 89 101 41
203 201 202 10 8 41
203 202 204 10 41 101
203 204 205 10 101 134
199 201 203 20 8 10
199 203 200 20 10 145
199 198 202 20 89 41
199 202 201 20 41 8
205 200 203 134 145 10
205 204 200 134 101 145
206 207 208 83 100 61
206 208 212 83 61 18

206 212 210 83 18 118
211 209 210 136 106 118
211 210 212 136 118 18
211 212 213 136 18 12
207 209 211 100 106 136
207 211 208 100 136 61
207 206 210 100 83 118
207 210 209 100 118 106
213 208 211 12 61 136
213 212 208 12 18 61
214 215 216 84 118 97
214 216 220 84 97 40
214 220 218 84 40 22
217 218 219 15 22 2
217 219 215 15 2 118
215 214 218 118 84 22
215 218 217 118 22 15
220 221 219 40 134 2
220 219 218 40 2 22
219 221 216 2 134 97
219 216 215 2 97 118
221 220 216 134 40 97
224 222 223 86 23 25
224 223 225 86 25 80
224 225 227 86 80 92
224 227 234 86 92 92
224 234 233 86 92 86
224 233 231 86 86 32
224 231 222 86 32 23
226 227 225 161 92 80
226 225 223 161 80 25
226 223 228 161 25 123
226 228 229 161 123 130
226 229 227 161 130 92
228 223 229 123 25 130
223 229 222 25 130 23
229 222 230 130 23 130
222 230 231 23 130 32
230 231 232 130 32 4
234 227 230 92 92 130
234 230 236 92 130 99
234 236 235 92 99 86
234 235 233 92 86 86
230 227 229 130 92 130
230 232 237 130 4 53
232 237 231 4 53 32
237 231 239 53 32 40
231 239 235 32 40 86
230 237 238 130 53 111
230 238 236 130 111 99
235 231 233 86 32 86
237 239 235 53 40 86
237 235 236 53 86 99
237 236 238 53 99 111
240 241 242 77 142 150
241 242 246 142 150 106
242 246 247 150 106 104
246 247 245 106 104 70
243 241 240 39 142 77
244 245 240 96 70 77
244 240 242 96 77 150
244 242 247 96 150 104
244 247 245 96 104 70
246 241 248 106 142 4
246 248 249 106 4 53
245 246 249 70 106 53
245 249 243 70 53 39
245 243 240 70 39 77
243 249 248 39 53 4
241 243 248 142 39 4
250 251 252 99 58 52
251 252 257 58 52 42
252 257 254 52 42 76
257 254 256 42 76 18
254 256 255 76 18 72
253 251 250 115 58 99
250 252 254 99 52 76
250 254 255 99 76 72
256 257 258 18 42 10
257 258 251 42 10 58
258 251 260 10 58 134
251 260 261 58 134 131
260 261 258 134 131 10
261 258 259 131 10 16
259 256 258 16 18 10
253 261 251 115 131 58
250 255 256 99 72 18
250 256 253 99 18 115
261 253 256 131 115 18
261 256 259 131 18 16
263 264 262 156 143 95
264 262 271 143 95 152
262 271 273 95 152 95
271 273 275 152 95 95
273 275 274 95 95 63
275 274 276 95 63 52
274 276 272 63 52 14
276 272 278 52 14 58
263 262 265 156 95 71
262 265 266 95 71 63
265 266 267 71 63 40
266 267 268 63 40 14
267 268 269 40 14 33
263 269 268 156 33 14
263 268 264 156 14 143
263 265 267 156 71 40
263 267 269 156 40 33
272 270 271 14 126 152
272 271 264 14 152 143
272 264 268 14 143 14
262 273 274 95 95 63
262 274 266 95 63 63
266 274 272 63 63 14
266 272 268 63 14 14
277 270 272 107 126 14
277 272 278 107 14 58
279 275 271 113 95 152
279 271 277 113 152 107
277 271 270 107 152 126
275 279 277 95 113 107
275 277 276 95 107 52
278 276 277 58 52 107
281 282 280 21 157 33
281 280 286 21 33 59
282 281 283 157 21 152
282 284 285 157 99 75
282 285 280 157 75 33
280 287 286 33 53 59
287 286 284 53 59 99
286 284 289 59 99 105
284 289 283 99 105 152
288 281 286 128 21 59
288 286 289 128 59 105
288 289 283 128 105 152
288 283 281 128 152 21
283 284 282 152 99 157
285 284 287 75 99 53
285 287 280 75 53 33
290 291 292 23 39 52
290 292 296 23 52 10
293 292 291 100 52 39
293 291 297 100 39 74
294 295 290 119 124 23
294 290 296 119 23 10
297 298 299 74 141 115
293 297 299 100 74 115
293 299 295 100 115 124
293 295 294 100 124 119
293 294 292 100 119 52
297 291 298 74 39 141
294 296 292 119 10 52
291 290 295 39 23 124
291 295 298 39 124 141
295 299 298 124 115 141
300 301 302 8 157 36
300 302 305 8 36 53
300 305 314 8 53 60
300 314 315 8 60 9
300 315 312 8 9 18
300 312 301 8 18 157
301 303 304 157 95 75
301 304 302 157 75 36
304 303 305 75 95 53
303 305 313 95 53 99
305 313 314 53 99 60
313 314 311 99 60 58
306 307 308 123 136 93
306 308 310 123 93 141
309 306 310 4 123 141
309 310 312 4 141 18
309 312 315 4 18 9
309 315 311 4 9 58
309 311 307 4 58 136
309 307 306 4 136 123
308 307 311 93 136 58
308 311 313 93 58 99
303 301 313 95 157 99
301 313 312 157 99 18
313 312 308 99 18 93
312 308 310 18 93 141
315 314 311 9 60 58
302 304 305 36 75 53
317 318 316 114 123 101
317 316 319 114 101 52
317 319 325 114 52 95
317 325 324 114 95 141
320 321 318 17 35 123
320 318 317 17 123 114
320 317 324 17 114 141
320 324 323 17 141 37
316 318 322 101 123 130
323 324 325 37 141 95
323 325 319 37 95 52
323 319 320 37 52 17
316 322 321 101 130 35
316 321 319 101 35 52
321 322 318 35 130 123
319 321 320 52 35 17
328 326 327 120 114 149
328 327 338 120 149 141
328 338 341 120 141 130
328 341 340 120 130 110
328 340 331 120 110 112
328 331 326 120 112 114
329 330 327 93 64 149
330 327 339 64 149 62
327 339 338 149 62 141
339 338 332 62 141 73
338 332 335 141 73 18
332 335 334 73 18 23
330 329 331 64 93 112
330 331 339 64 112 62
332 333 334 73 49 23
336 335 334 127 18 23
336 334 333 127 23 49
336 333 337 127 49 58
336 337 341 127 58 130
336 341 338 127 130 141
336 338 335 127 141 18
333 332 337 49 73 58
332 337 339 73 58 62
337 339 340 58 62 110
339 340 331 62 110 112
327 326 329 149 114 93
337 340 341 58 110 130
331 329 326 112 93 114
344 342 343 66 33 32
344 343 349 66 32 82
344 349 347 66 82 90
344 347 346 66 90 110
344 346 345 66 110 55
344 345 342 66 55 33
348 342 345 49 33 55
348 345 346 49 55 110
348 346 351 49 110 2
349 350 347 82 142 90
350 347 352 142 90 125
347 352 346 90 125 110
352 346 351 125 110 2
342 348 351 33 49 2
342 351 352 33 2 125
342 352 350 33 125 142
342 350 343 33 142 32
343 350 349 32 142 82
354 355 353 18 153 71
354 353 356 18 71 44
357 353 358 70 71 93
357 358 362 70 93 104
359 354 360 117 18 128
359 360 362 117 128 104
355 354 359 153 18 117
360 354 361 128 18 3
362 360 363 104 128 138
362 363 357 104 138 70
357 364 356 70 49 44
357 356 353 70 44 71
364 363 360 49 138 128
364 361 356 49 3 44
356 361 354 44 3 18
358 355 359 93 153 117
358 359 362 93 117 104
355 358 353 153 93 71
364 357 363 49 70 138
360 361 364 128 3 49
