162
-0.525731 0 0.850651 
-0.442863 0.238856 0.864188 
-0.295242 0 0.955423 
-0.309017 0.5 0.809017 
-0.16246 0.262866 0.951056 
0 0 1 
0 0.850651 0.525731 
-0.147621 0.716567 0.681718 
0.147621 0.716567 0.681718 
0 0.525731 0.850651 
0.309017 0.5 0.809017 
0.525731 0 0.850651 
0.295242 0 0.955423 
0.442863 0.238856 0.864188 
0.16246 0.262866 0.951056 
-0.681718 0.147621 0.716567 
-0.809017 0.309017 0.5 
-0.587785 0.425325 0.688191 
-0.850651 0.525731 0 
-0.864188 0.442863 0.238856 
-0.716567 0.681718 0.147621 
-0.688191 0.587785 0.425325 
-0.5 0.809017 0.309017 
-0.238856 0.864188 0.442863 
-0.425325 0.688191 0.587785 
-0.716567 0.681718 -0.147621 
-0.5 0.809017 -0.309017 
-0.525731 0.850651 0 
0 0.850651 -0.525731 
-0.238856 0.864188 -0.442863 
0 0.955423 -0.295242 
-0.262866 0.951056 -0.16246 
0 1 0 
0 0.955423 0.295242 
-0.262866 0.951056 0.16246 
0.238856 0.864188 0.442863 
0.262866 0.951056 0.16246 
0.5 0.809017 0.309017 
0.238856 0.864188 -0.442863 
0.262866 0.951056 -0.16246 
0.5 0.809017 -0.309017 
0.850651 0.525731 0 
0.716567 0.681718 0.147621 
0.716567 0.681718 -0.147621 
0.525731 0.850651 0 
0.425325 0.688191 0.587785 
0.864188 0.442863 0.238856 
0.688191 0.587785 0.425325 
0.809017 0.309017 0.5 
0.681718 0.147621 0.716567 
0.587785 0.425325 0.688191 
0.955423 0.295242 0 
1 0 0 
0.951056 0.16246 0.262866 
0.850651 -0.525731 0 
0.955423 -0.295242 0 
0.864188 -0.442863 0.238856 
0.951056 -0.16246 0.262866 
0.809017 -0.309017 0.5 
0.681718 -0.147621 0.716567 
0.850651 0 0.525731 
0.864188 0.442863 -0.238856 
0.809017 0.309017 -0.5 
0.951056 0.16246 -0.262866 
0.525731 0 -0.850651 
0.681718 0.147621 -0.716567 
0.681718 -0.147621 -0.716567 
0.850651 0 -0.525731 
0.809017 -0.309017 -0.5 
0.864188 -0.442863 -0.238856 
0.951056 -0.16246 -0.262866 
0.147621 0.716567 -0.681718 
0.309017 0.5 -0.809017 
0.425325 0.688191 -0.587785 
0.442863 0.238856 -0.864188 
0.587785 0.425325 -0.688191 
0.688191 0.587785 -0.425325 
-0.147621 0.716567 -0.681718 
-0.309017 0.5 -0.809017 
0 0.525731 -0.850651 
-0.525731 0 -0.850651 
-0.442863 0.238856 -0.864188 
-0.295242 0 -0.955423 
-0.16246 0.262866 -0.951056 
0 0 -1 
0.295242 0 -0.955423 
0.16246 0.262866 -0.951056 
-0.442863 -0.238856 -0.864188 
-0.309017 -0.5 -0.809017 
-0.16246 -0.262866 -0.951056 
0 -0.850651 -0.525731 
-0.147621 -0.716567 -0.681718 
0.147621 -0.716567 -0.681718 
0 -0.525731 -0.850651 
0.309017 -0.5 -0.809017 
0.442863 -0.238856 -0.864188 
0.16246 -0.262866 -0.951056 
0.238856 -0.864188 -0.442863 
0.5 -0.809017 -0.309017 
0.425325 -0.688191 -0.587785 
0.716567 -0.681718 -0.147621 
0.688191 -0.587785 -0.425325 
0.587785 -0.425325 -0.688191 
0 -0.955423 -0.295242 
0 -1 0 
0.262866 -0.951056 -0.16246 
0 -0.850651 0.525731 
0 -0.955423 0.295242 
0.238856 -0.864188 0.442863 
0.262866 -0.951056 0.16246 
0.5 -0.809017 0.309017 
0.716567 -0.681718 0.147621 
0.525731 -0.850651 0 
-0.238856 -0.864188 -0.442863 
-0.5 -0.809017 -0.309017 
-0.262866 -0.951056 -0.16246 
-0.850651 -0.525731 0 
-0.716567 -0.681718 -0.147621 
-0.716567 -0.681718 0.147621 
-0.525731 -0.850651 0 
-0.5 -0.809017 0.309017 
-0.238856 -0.864188 0.442863 
-0.262866 -0.951056 0.16246 
-0.864188 -0.442863 0.238856 
-0.809017 -0.309017 0.5 
-0.688191 -0.587785 0.425325 
-0.681718 -0.147621 0.716567 
-0.442863 -0.238856 0.864188 
-0.587785 -0.425325 0.688191 
-0.309017 -0.5 0.809017 
-0.147621 -0.716567 0.681718 
-0.425325 -0.688191 0.587785 
-0.16246 -0.262866 0.951056 
0.442863 -0.238856 0.864188 
0.16246 -0.262866 0.951056 
0.309017 -0.5 0.809017 
0.147621 -0.716567 0.681718 
0 -0.525731 0.850651 
0.425325 -0.688191 0.587785 
0.587785 -0.425325 0.688191 
0.688191 -0.587785 0.425325 
-0.955423 0.295242 0 
-0.951056 0.16246 0.262866 
-1 0 0 
-0.850651 0 0.525731 
-0.955423 -0.295242 0 
-0.951056 -0.16246 0.262866 
-0.864188 0.442863 -0.238856 
-0.951056 0.16246 -0.262866 
-0.809017 0.309017 -0.5 
-0.864188 -0.442863 -0.238856 
-0.951056 -0.16246 -0.262866 
-0.809017 -0.309017 -0.5 
-0.681718 0.147621 -0.716567 
-0.681718 -0.147621 -0.716567 
-0.850651 0 -0.525731 
-0.688191 0.587785 -0.425325 
-0.587785 0.425325 -0.688191 
-0.425325 0.688191 -0.587785 
-0.425325 -0.688191 -0.587785 
-0.587785 -0.425325 -0.688191 
-0.688191 -0.587785 -0.425325 
365
2.54073 0.0984978 3.10686
2.45053 0.663561 2.32202
1.95446 -0.118834 2.37108
2.45053 1.40249 3.00876
1.81916 1.22862 2.12581
0.781912 1.27209 3.49928
1.36818 1.18516 3.98981
0.872108 0.0984978 3.64644
1.41328 0.446229 4.08791
0.917206 0.359296 1.8315
1.1427 -0.118834 1.97866
1.23289 0.228897 1.48813
-0.661219 -0.2927 2.07676
0.150542 -0.510032 1.24287
1.50348 0.446229 1.48813
1.23289 0.620095 1.43908
1.0976 0.967826 1.8315
-0.616121 1.01129 2.22392
0.19564 1.18516 1.34097
0.556423 0.924359 2.8616
0.601521 0.185431 2.95971
0.646619 0.359296 1.09571
0.19564 2.27182 -0.817338
0.421129 0.489695 -1.89649
0.646619 0.576628 -1.0626
-1.78867 2.31528 -1.50407
-0.120045 2.22835 -1.84744
-2.28474 2.44568 -2.23986
-2.91611 -0.162301 -2.0927
-2.42004 0.0984978 -1.45502
-0.43573 -0.944696 -0.768286
-0.931806 -0.901229 -1.60218
0.646619 -1.07509 2.07676
-0.480828 -0.944696 2.66539
-0.255338 0.489695 0.31087
-1.92396 2.01102 -2.9266
0.105445 1.05476 -3.31902
1.0976 0.359296 1.19382
0.736814 1.53289 2.27297
-0.300436 1.40249 2.8616
1.23289 2.31528 1.8315
1.23289 0.359296 0.850448
1.0525 -1.72709 1.43908
-0.84161 -1.85749 2.37108
-0.300436 2.40222 2.46918
0.781912 3.09768 0.8995
0.556423 -2.24869 0.408975
1.32309 0.533162 -0.866391
-1.51808 -1.46629 2.02771
-1.0671 2.09795 2.12581
0.511325 2.88035 -0.375866
0.330934 -1.72709 -0.768286
-2.14945 -0.944696 0.8995
-1.83376 2.09795 0.997605
-0.21024 -0.988162 -0.130603
-1.83376 -0.118834 -0.621128
-1.42788 2.09795 -0.670181
0.421129 2.27182 -0.228708
-2.46513 0.185431 -2.82849
-0.21024 0.0984978 -3.26997
5.60738 -1.55323 1.04666
5.3368 -1.90096 0.752343
4.84072 -1.85749 1.68434
5.2466 -1.50976 1.73339
4.93091 -0.77083 1.78245
4.38974 -0.857763 1.78245
4.57013 -0.336166 0.850448
5.06621 -0.379633 1.14476
5.1564 -0.988162 0.212765
5.51719 -0.857763 0.654238
5.96817 -0.2927 0.458027
4.97601 -0.727364 2.12581
5.47209 -0.640431 0.556133
5.65248 -0.162301 1.97866
5.96817 -0.988162 0.801395
6.32895 -0.336166 0.654238
6.28385 -0.336166 2.17487
5.51719 -1.07509 2.07676
4.88582 -0.205767 1.97866
4.75052 -0.162301 1.04666
5.06621 0.0550314 1.09571
5.2917 -0.162301 0.8995
5.69758 0.185431 1.43908
5.78777 0.576628 1.58624
5.87797 0.272363 0.801395
0.82701 4.14087 -2.77944
-0.43573 4.22781 -2.14176
-0.120045 4.66247 -1.40597
-1.29259 5.05367 -2.33797
-0.165143 5.5318 -1.0626
1.36818 4.83634 -2.38702
1.0525 4.79287 -1.50407
1.50348 6.05339 -2.53418
-0.029849 5.35793 -4.00575
2.94661 2.40222 -6.36028
4.25445 2.48915 -6.8508
2.85641 2.22835 -7.14512
4.29955 2.40222 -7.14512
1.50348 1.70675 -6.80175
1.45838 1.88062 -7.14512
0.421129 3.05421 -7.09606
0.376032 2.96728 -6.36028
1.23289 4.4886 -6.40933
1.50348 4.22781 -7.14512
4.25445 3.53234 -7.09606
4.20935 3.40194 -6.8508
2.94661 3.61928 -6.36028
2.90151 3.74968 -7.14512
3.93876 2.27182 -3.66239
2.72112 1.66329 -3.26997
2.49563 3.83661 -2.97565
3.80347 3.61928 -3.46618
1.81916 2.70648 -3.31902
-4.85532 -0.857763 -6.36028
-4.90042 -2.07482 -7.29227
-4.04356 -1.07509 -6.50743
-5.171 -1.98789 -7.34133
-4.53963 -0.857763 -4.20196
-4.62983 -0.0753678 -5.18301
-3.72787 0.359296 -5.18301
-3.81807 -0.857763 -3.90765
-3.81807 -2.42255 -4.64344
-4.58473 -2.29215 -4.49628
-3.99846 -2.20522 -6.16406
-4.85532 -2.77028 -6.70364
-5.12591 -2.85722 -6.60554
-4.81022 -2.33562 -5.9188
-0.120045 -2.24869 -4.83965
-0.029849 -0.0753678 -5.28112
-0.120045 -0.727364 -6.50743
-0.165143 -2.07482 -6.26217
-0.480828 -1.03163 -4.39817
1.1427 0.31583 -4.8887
0.556423 -0.553498 -3.76049
0.962304 -0.379633 -4.83965
0.917206 -0.249233 -3.0247
1.27799 0.31583 -2.63228
0.917206 0.359296 -1.9946
-0.0749469 -0.510032 -1.65123
0.240738 1.57636 -1.70028
1.0074 1.14169 -1.9946
1.36818 1.18516 -2.87754
0.781912 -0.2927 -1.89649
2.08975 0.924359 -4.64344
0.19564 0.402763 -3.76049
1.0976 1.79369 -3.61333
1.72897 1.83715 -4.79059
4.52503 2.35875 -3.80954
3.80347 1.88062 -3.51523
4.34464 1.79369 -2.68133
5.11131 2.53262 -2.04365
5.06621 3.22808 -1.94555
4.38974 3.74968 -3.61333
4.84072 2.27182 -1.60218
3.57798 3.96701 -3.22091
2.81132 2.92381 -4.00575
4.70543 3.31501 -1.45502
4.11915 3.92354 -2.38702
2.72112 3.14115 -4.15291
-0.84161 2.48915 -3.17186
2.94661 1.92409 -3.61333
-0.480828 0.880893 -2.63228
3.62308 2.88035 -3.41712
3.03681 2.22835 -2.48512
-0.931806 3.18461 -1.70028
2.17995 3.66274 -2.68133
-1.74357 1.61982 -1.89649
2.94661 3.35848 -2.38702
-0.390632 2.40222 -0.572076
-0.21024 1.01129 -0.964496
1.36818 1.09822 1.53718
1.0525 1.22862 1.39003
1.0525 0.489695 2.42013
1.0525 1.48942 2.66539
0.511325 1.61982 2.17487
0.376032 1.14169 3.64644
0.466227 0.011565 3.74455
-0.255338 -0.205767 3.74455
-0.390632 1.18516 3.59739
0.736814 -0.683897 2.42013
1.54858 -0.205767 1.68434
1.1427 -0.466565 1.73339
1.23289 0.576628 3.10686
2.76622 0.141964 3.40118
2.49563 0.0984978 4.13697
2.36034 1.57636 3.98981
2.81132 0.0550314 2.81255
2.85641 0.750494 2.91065
1.81916 -0.510032 3.25402
0.962304 0.0984978 4.23507
1.90936 0.446229 4.43128
0.82701 1.22862 4.13697
1.59367 1.83715 3.00876
1.86426 1.14169 4.33318
2.63092 1.40249 3.25402
2.67602 1.31556 2.61634
2.27014 0.576628 1.78245
1.27799 -0.423099 2.7635
1.36818 -0.205767 2.8616
1.41328 -0.0753678 3.30307
1.99955 -0.988162 3.64644
1.90936 0.011565 3.30307
1.77407 -0.0753678 2.81255
2.27014 -0.727364 3.59739
2.27014 -0.988162 3.30307
2.72112 -0.988162 3.98981
1.18779 1.31556 2.71444
1.63877 1.27209 2.66539
1.90936 2.35875 3.00876
1.77407 1.31556 3.15592
1.23289 1.27209 3.15592
1.95446 2.14142 3.30307
1.63877 2.35875 3.35213
2.36034 2.53262 3.59739
2.27014 0.620095 2.22392
2.40544 0.446229 2.42013
3.03681 0.533162 2.12581
2.58583 0.663561 2.56729
2.36034 0.837427 2.37108
3.03681 0.707027 2.27297
3.03681 0.837427 2.07676
3.44269 0.750494 2.32202
3.0819 -1.33589 -0.572076
2.36034 -2.03136 -1.11165
3.57798 -1.72709 -0.719233
2.76622 -2.20522 -1.0626
2.85641 -2.90068 -0.719233
3.75837 -2.68335 -0.179655
2.49563 -3.16148 -0.523023
3.35249 -2.90068 0.212765
3.30739 -2.42255 0.801395
3.0819 -1.16203 0.163712
2.94661 -1.59669 0.8995
3.57798 -1.68362 -0.375866
3.71327 -2.42255 0.0165546
5.2917 -0.944696 0.556133
5.38189 -1.64016 0.8995
4.70543 -0.901229 1.68434
5.02111 -1.59669 1.58624
4.84072 -0.510032 0.997605
2.76622 -1.37936 -0.130603
-0.300436 -2.29215 0.850448
2.58583 -2.37909 -0.375866
0.0603467 -0.901229 0.850448
3.75837 -2.07482 -0.179655
3.1721 -1.64016 0.801395
0.19564 -2.59642 1.9296
3.03681 -2.63989 0.556133
-0.751415 -1.46629 1.63529
0.376032 -1.37936 2.17487
0.646619 5.31447 -4.74154
2.67602 7.14005 -2.0927
0.511325 6.18379 -4.25102
3.127 6.35766 -2.23986
-2.28474 4.70594 -5.03586
-2.46513 4.09741 -5.37922
-2.14945 4.619 -1.9946
-1.92396 5.57526 -1.84744
-0.029849 6.44459 0.556133
0.0152488 5.57526 0.801395
1.90936 6.74886 -0.179655
2.08975 6.22726 -0.130603
-1.78867 3.53234 -1.55313
-2.32984 2.74995 -0.572076
-1.51808 3.05421 -1.30786
-2.42004 3.14115 -0.768286
-1.92396 4.44514 -0.964496
-2.51023 3.79314 -0.326813
-1.74357 4.53207 -0.375866
-2.51023 3.79314 0.11466
-0.43573 3.70621 -0.473971
-0.796513 3.22808 -1.11165
-0.976904 4.44514 -0.375866
-1.51808 3.61928 -1.40597
-1.65337 4.40167 -0.964496
-0.300436 4.70594 -2.73039
-0.390632 5.35793 -2.28891
0.646619 4.7494 -1.84744
0.150542 5.4014 -1.74934
0.330934 4.31474 -2.43607
-1.83376 3.66274 -0.228708
-0.390632 2.48915 2.32202
-1.29259 3.01075 -0.866391
0.0603467 1.57636 1.29192
-0.571023 3.74968 -0.964496
-1.42788 4.01047 -1.20976
0.466227 3.35848 2.17487
-1.1122 4.40167 -0.326813
0.691717 1.88062 2.37108
1.0976 2.61955 1.43908
1.72897 4.57554 3.59739
1.0074 4.3582 2.95971
1.99955 4.4886 3.40118
1.54858 4.14087 2.66539
1.81916 4.14087 3.74455
1.41328 3.79314 3.15592
2.85641 4.22781 4.62749
1.0074 3.40194 1.78245
0.330934 3.48888 2.37108
1.0525 2.96728 2.61634
-0.165143 4.22781 2.32202
-1.1122 3.18461 2.22392
-0.525925 4.27127 1.68434
1.0525 2.92381 0.458027
0.511325 4.18434 0.8995
1.0976 4.05394 1.29192
0.646619 1.70675 3.64644
1.90936 1.53289 2.61634
1.45838 1.88062 1.14476
0.646619 2.79341 3.49928
-0.661219 2.14142 2.8616
1.90936 2.66302 2.46918
-0.796513 2.74995 2.66539
1.36818 2.48915 0.948553
1.54858 3.70621 1.88055
0.285836 3.88007 2.91065
2.22504 -1.90096 4.08791
1.63877 -2.59642 3.49928
2.04465 -2.11829 4.23507
1.99955 -2.20522 3.20497
1.45838 -1.94442 3.49928
1.77407 -1.72709 4.23507
2.13485 -0.857763 5.16707
0.962304 -1.72709 2.56729
0.872108 -2.68335 2.46918
1.50348 -2.24869 2.02771
1.0976 -3.94388 2.12581
-0.21024 -3.55268 2.02771
1.0525 -3.50921 2.71444
1.99955 -3.29188 1.48813
1.77407 -2.16175 0.654238
2.17995 -2.68335 1.88055
1.1427 -1.03163 0.850448
0.601521 -0.205767 2.12581
-0.525925 -1.03163 2.95971
-0.84161 -2.42255 2.27297
0.19564 -1.77056 3.25402
1.36818 -0.944696 2.46918
-0.43573 -2.94415 2.32202
1.54858 -1.55323 0.948553
2.04465 -2.03136 2.32202
0.872108 -2.85722 3.15592
0.962304 -0.423099 -6.60554
0.0152488 -0.336166 -6.36028
-0.0749469 -0.857763 -7.09606
1.72897 -1.29243 -7.09606
1.72897 -1.94442 -6.99796
-0.120045 -2.29215 -6.80175
2.08975 -1.03163 -6.70364
-0.886708 -1.24896 -5.47733
-0.029849 -2.46602 -5.96785
2.04465 -2.07482 -6.50743
0.917206 -2.55295 -6.16406
-0.300436 -0.379633 -5.72259
-2.51023 -0.727364 -2.53418
-0.886708 -1.59669 -5.86975
-1.83376 0.837427 -2.53418
0.601521 -0.683897 -5.03586
0.19564 -1.37936 -6.06596
-0.165143 -2.03136 -4.44723
-1.47298 -1.46629 -1.50407
-2.05925 0.185431 -1.16071
0.556423 -1.81402 -4.83965
-0.255338 -0.683897 -1.20976
-0.390632 0.663561 -1.60218
634
0 2 1 138 105 52
1 2 14 52 105 70
14 2 10 70 105 105
10 2 20 105 105 150
20 2 7 150 105 116
7 2 0 116 105 138
1 4 3 52 44 50
3 4 5 50 44 27
5 4 19 27 44 27
19 4 16 27 44 43
16 4 14 43 44 70
14 4 1 70 44 52
7 6 5 116 17 27
7 5 20 116 27 150
20 5 19 150 27 27
20 19 12 150 27 151
12 19 17 151 27 34
6 8 3 17 127 50
3 8 0 50 127 138
11 10 9 94 105 85
9 10 21 85 105 70
21 10 13 70 105 91
13 10 12 91 105 151
12 10 20 151 105 150
11 15 14 94 74 70
14 15 16 70 74 43
16 15 9 43 74 85
9 15 11 85 74 94
17 16 18 34 43 86
18 16 21 86 43 70
21 16 9 70 43 85
10 11 14 105 94 70
1 3 0 52 50 138
8 7 0 127 116 138
21 13 18 70 91 86
18 13 12 86 91 151
3 5 6 50 27 17
6 7 8 17 116 127
16 17 19 43 34 27
17 18 12 34 86 151
22 24 23 61 68 100
23 24 30 100 68 115
30 24 54 115 68 91
54 24 51 91 68 93
51 24 47 93 68 69
47 24 50 69 68 75
50 24 57 75 68 62
57 24 22 62 68 61
22 26 25 61 43 23
25 26 27 23 43 31
27 26 35 31 43 79
35 26 36 79 43 66
29 25 28 144 23 142
28 25 27 142 23 31
29 31 30 144 115 115
29 30 55 144 115 151
55 30 54 151 115 91
55 54 51 151 91 93
29 28 31 144 142 115
31 28 58 115 142 154
30 31 23 115 115 100
23 31 59 100 115 93
33 32 34 5 14 5
34 32 37 5 14 12
34 37 38 5 12 137
34 38 39 5 137 2
34 39 33 5 2 5
38 37 40 137 12 49
40 37 41 49 12 56
41 37 42 56 12 135
42 37 32 135 12 14
32 33 42 14 5 135
42 33 43 135 5 144
33 39 43 5 2 144
43 39 44 144 2 23
39 38 40 2 137 49
39 40 44 2 49 23
44 40 45 23 49 42
44 45 49 23 42 22
49 45 53 22 42 27
40 41 45 49 56 42
45 41 47 42 56 69
47 41 46 69 56 104
46 41 42 104 56 135
42 43 46 135 144 104
46 43 48 104 144 142
43 44 49 144 23 22
43 49 48 144 22 142
48 49 53 142 22 27
48 53 52 142 27 151
52 53 56 151 27 31
52 56 55 151 31 151
55 56 25 151 31 23
55 25 29 151 23 144
45 47 50 42 69 75
51 47 46 93 69 104
46 52 51 104 151 93
51 52 55 93 151 151
46 48 52 104 142 151
53 45 50 27 42 75
53 50 56 27 75 31
56 50 57 31 75 62
56 57 22 31 62 61
22 25 56 61 23 31
26 23 36 43 100 66
36 23 59 66 100 93
31 58 59 115 154 93
28 27 58 142 31 154
58 27 35 154 31 79
22 23 26 61 100 43
58 35 59 154 79 93
59 35 36 93 79 66
62 61 60 108 150 114
62 60 63 108 114 136
63 60 74 136 114 115
63 74 77 136 115 139
77 74 76 139 115 56
77 76 73 139 56 35
73 76 83 35 56 62
64 62 63 49 108 136
64 63 71 49 136 45
71 63 77 45 136 139
71 77 73 45 139 35
64 65 62 49 4 108
66 65 64 33 4 49
66 64 67 33 49 39
67 64 71 39 49 45
67 71 79 39 45 31
67 69 68 39 84 78
68 69 61 78 84 150
61 69 60 150 84 114
60 69 72 114 84 154
72 69 67 154 84 39
68 66 67 78 33 39
62 65 61 108 4 150
61 65 66 150 4 33
66 68 61 33 78 150
72 71 70 154 45 149
70 71 73 149 45 35
74 72 70 115 154 149
74 70 75 115 149 92
75 70 84 92 149 157
75 84 83 92 157 62
74 75 76 115 92 56
76 75 83 56 92 62
79 71 78 31 45 51
79 78 80 31 51 77
80 78 82 77 51 74
80 82 81 77 74 93
81 72 80 93 154 77
80 72 79 77 154 31
82 78 81 74 51 93
67 79 72 39 31 154
83 84 73 62 157 35
73 84 70 35 157 149
72 74 60 154 115 114
71 72 78 45 154 51
78 72 81 51 154 93
86 85 87 25 152 142
86 87 89 25 142 7
89 87 91 7 142 128
89 91 92 7 128 138
92 91 90 138 128 119
92 90 93 138 119 68
93 90 85 68 119 152
93 85 88 68 152 77
88 85 86 77 152 25
88 86 89 77 25 7
88 89 93 77 7 68
93 89 92 68 7 138
91 87 90 128 142 119
90 87 85 119 142 152
95 94 96 139 112 92
96 94 99 92 112 93
99 94 98 93 112 114
98 94 109 114 112 121
109 94 108 121 112 138
108 94 111 138 112 60
111 94 106 60 112 37
106 94 95 37 112 139
95 96 97 139 92 68
95 97 105 139 68 48
105 97 104 48 68 44
105 104 106 48 44 37
106 104 107 37 44 71
106 107 103 37 71 77
99 98 100 93 114 149
100 98 101 149 114 141
101 98 112 141 114 146
112 98 109 146 114 121
101 102 100 141 34 149
100 102 103 149 34 77
103 102 106 77 34 37
106 102 110 37 34 9
110 102 101 9 34 141
109 108 110 121 138 9
110 108 111 9 138 60
107 97 96 71 68 92
107 96 103 71 92 77
103 96 99 77 92 93
103 99 100 77 93 149
97 107 104 68 71 44
106 95 105 37 139 48
111 106 110 60 37 9
112 110 101 146 9 141
112 109 110 146 121 9
113 115 114 65 52 59
114 115 123 59 52 121
123 115 130 121 52 110
130 115 129 110 52 60
129 115 128 60 52 45
128 115 119 45 52 38
119 115 118 38 52 74
118 115 113 74 52 65
116 113 114 101 65 59
116 114 124 101 59 108
124 114 123 108 59 121
124 123 125 108 121 115
125 123 126 115 121 88
119 118 117 38 74 156
119 117 120 38 156 19
120 117 121 19 156 123
120 121 127 19 123 127
127 121 123 127 123 121
127 123 130 127 121 110
117 122 121 156 160 123
121 122 123 123 160 121
123 122 126 121 160 88
124 125 116 108 115 101
128 127 129 45 127 60
129 127 130 60 127 110
116 126 113 101 88 65
113 126 122 65 88 160
116 125 126 101 115 88
127 131 120 127 24 19
120 131 119 19 24 38
119 131 128 38 24 45
117 118 122 156 74 160
122 118 113 160 74 65
131 127 128 24 127 45
133 132 134 151 93 105
133 134 135 151 105 112
135 134 132 112 105 93
135 132 136 112 93 56
136 132 143 56 93 74
136 143 141 56 74 53
141 143 146 53 74 41
141 146 145 53 41 31
145 146 143 31 41 74
145 143 144 31 74 147
144 143 132 147 74 93
144 132 133 147 93 151
138 137 139 130 139 7
139 137 140 7 139 60
140 137 141 60 139 53
141 137 136 53 139 56
136 137 135 56 139 112
135 137 142 112 139 138
142 137 138 138 139 130
140 141 139 60 53 7
139 141 145 7 53 31
139 144 133 7 147 151
139 133 138 7 151 130
138 133 135 130 151 112
138 135 142 130 112 138
139 145 144 7 31 147
148 147 149 117 102 118
149 147 150 118 102 111
150 147 151 111 102 57
151 147 152 57 102 61
152 147 155 61 102 83
155 147 148 83 102 117
149 150 153 118 111 136
153 150 151 136 111 57
155 154 152 83 21 61
152 154 157 61 21 6
153 156 149 136 4 118
149 156 157 118 4 6
153 151 156 136 57 4
155 148 154 83 117 21
154 148 149 21 117 118
152 157 151 61 6 57
151 157 156 57 6 4
154 149 157 21 118 6
158 160 159 158 88 141
158 159 165 158 141 32
165 159 164 32 141 9
165 164 167 32 9 41
167 164 168 41 9 60
167 168 163 41 60 100
163 168 169 100 60 136
163 169 161 100 136 114
159 160 161 141 88 114
163 160 162 100 88 74
162 160 158 74 88 158
159 166 164 141 126 9
164 166 169 9 126 136
169 166 161 136 126 114
161 166 159 114 126 141
163 161 160 100 114 88
168 164 169 60 9 136
163 162 167 100 74 41
167 162 165 41 74 32
165 162 158 32 74 158
170 172 171 52 84 96
171 172 174 96 84 32
174 172 178 32 84 18
174 173 170 32 36 52
170 173 195 52 36 41
195 173 192 41 36 33
192 173 191 33 36 21
191 173 175 21 36 21
175 173 174 21 36 32
178 177 176 18 152 125
178 176 175 18 125 21
175 176 189 21 125 123
175 189 191 21 123 21
191 189 190 21 123 128
191 190 193 21 128 1
193 190 184 1 128 137
193 184 185 1 137 14
185 184 183 14 137 138
185 183 187 14 138 59
187 183 186 59 138 112
187 186 196 59 112 70
177 179 176 152 103 125
176 179 197 125 103 104
197 179 180 104 103 55
180 179 181 55 103 86
172 182 180 84 70 55
180 182 186 55 70 112
186 182 196 112 70 70
196 182 195 70 70 41
195 182 170 41 70 52
170 182 172 52 70 84
183 188 186 138 122 112
186 188 197 112 122 104
197 188 189 104 122 123
189 188 190 123 122 128
190 188 184 128 122 137
184 188 183 137 122 138
185 192 193 14 33 1
193 192 191 1 33 21
185 194 192 14 50 33
192 194 195 33 50 41
196 195 187 70 41 59
187 195 194 59 41 50
197 180 186 104 55 112
176 197 189 125 104 123
185 187 194 14 59 50
178 175 174 18 21 32
171 174 170 96 32 52
181 179 172 86 103 84
172 179 177 84 103 152
177 178 172 152 18 84
181 172 180 86 84 55
199 198 200 20 89 145
200 198 204 145 89 101
204 198 202 101 89 41
201 203 202 8 10 41
202 203 204 41 10 101
204 203 205 101 10 134
201 199 203 8 20 10
203 199 200 10 20 145
198 199 202 89 20 41
202 199 201 41 20 8
200 205 203 145 134 10
204 205 200 101 134 145
207 206 208 100 83 61
208 206 212 61 83 18
212 206 210 18 83 118
209 211 210 106 136 118
210 211 212 118 136 18
212 211 213 18 136 12
209 207 211 106 100 136
211 207 208 136 100 61
206 207 210 83 100 118
210 207 209 118 100 106
208 213 211 61 12 136
212 213 208 18 12 61
215 214 216 118 84 97
216 214 220 97 84 40
220 214 218 40 84 22
218 217 219 22 15 2
219 217 215 2 15 118
214 215 218 84 118 22
218 215 217 22 118 15
221 220 219 134 40 2
219 220 218 2 40 22
221 219 216 134 2 97
216 219 215 97 2 118
220 221 216 40 134 97
222 224 223 23 86 25
223 224 225 25 86 80
225 224 227 80 86 92
227 224 234 92 86 92
234 224 233 92 86 86
233 224 231 86 86 32
231 224 222 32 86 23
227 226 225 92 161 80
225 226 223 80 161 25
223 226 228 25 161 123
228 226 229 123 161 130
229 226 227 130 161 92
223 228 229 25 123 130
223 229 222 25 130 23
222 229 230 23 130 130
222 230 231 23 130 32
231 230 232 32 130 4
227 234 230 92 92 130
230 234 236 130 92 99
236 234 235 99 92 86
235 234 233 86 92 86
227 230 229 92 130 130
232 230 237 4 130 53
232 237 231 4 53 32
231 237 239 32 53 40
231 239 235 32 40 86
237 230 238 53 130 111
238 230 236 111 130 99
231 235 233 32 86 86
239 237 235 40 53 86
235 237 236 86 53 99
236 237 238 99 53 111
241 240 242 142 77 150
241 242 246 142 150 106
246 242 247 106 150 104
246 247 245 106 104 70
241 243 240 142 39 77
245 244 240 70 96 77
240 244 242 77 96 150
242 244 247 150 96 104
247 244 245 104 96 70
241 246 248 142 106 4
248 246 249 4 106 53
246 245 249 106 70 53
249 245 243 53 70 39
243 245 240 39 70 77
249 243 248 53 39 4
243 241 248 39 142 4
251 250 252 58 99 52
251 252 257 58 52 42
257 252 254 42 52 76
257 254 256 42 76 18
256 254 255 18 76 72
251 253 250 58 115 99
252 250 254 52 99 76
254 250 255 76 99 72
257 256 258 42 18 10
257 258 251 42 10 58
251 258 260 58 10 134
251 260 261 58 134 131
261 260 258 131 134 10
261 258 259 131 10 16
256 259 258 18 16 10
261 253 251 131 115 58
255 250 256 72 99 18
256 250 253 18 99 115
253 261 256 115 131 18
256 261 259 18 131 16
264 263 262 143 156 95
264 262 271 143 95 152
271 262 273 152 95 95
271 273 275 152 95 95
275 273 274 95 95 63
275 274 276 95 63 52
276 274 272 52 63 14
276 272 278 52 14 58
262 263 265 95 156 71
262 265 266 95 71 63
266 265 267 63 71 40
266 267 268 63 40 14
268 267 269 14 40 33
269 263 268 33 156 14
268 263 264 14 156 143
265 263 267 71 156 40
267 263 269 40 156 33
270 272 271 126 14 152
271 272 264 152 14 143
264 272 268 143 14 14
273 262 274 95 95 63
274 262 266 63 95 63
274 266 272 63 63 14
272 266 268 14 63 14
270 277 272 126 107 14
272 277 278 14 107 58
275 279 271 95 113 152
271 279 277 152 113 107
271 277 270 152 107 126
279 275 277 113 95 107
277 275 276 107 95 52
276 278 277 52 58 107
282 281 280 157 21 33
280 281 286 33 21 59
281 282 283 21 157 152
284 282 285 99 157 75
285 282 280 75 157 33
287 280 286 53 33 59
287 286 284 53 59 99
284 286 289 99 59 105
284 289 283 99 105 152
281 288 286 21 128 59
286 288 289 59 128 105
289 288 283 105 128 152
283 288 281 152 128 21
284 283 282 99 152 157
284 285 287 99 75 53
287 285 280 53 75 33
291 290 292 39 23 52
292 290 296 52 23 10
292 293 291 52 100 39
291 293 297 39 100 74
295 294 290 124 119 23
290 294 296 23 119 10
298 297 299 141 74 115
297 293 299 74 100 115
299 293 295 115 100 124
295 293 294 124 100 119
294 293 292 119 100 52
291 297 298 39 74 141
296 294 292 10 119 52
290 291 295 23 39 124
295 291 298 124 39 141
299 295 298 115 124 141
301 300 302 157 8 36
302 300 305 36 8 53
305 300 314 53 8 60
314 300 315 60 8 9
315 300 312 9 8 18
312 300 301 18 8 157
303 301 304 95 157 75
304 301 302 75 157 36
303 304 305 95 75 53
303 305 313 95 53 99
313 305 314 99 53 60
313 314 311 99 60 58
307 306 308 136 123 93
308 306 310 93 123 141
306 309 310 123 4 141
310 309 312 141 4 18
312 309 315 18 4 9
315 309 311 9 4 58
311 309 307 58 4 136
307 309 306 136 4 123
307 308 311 136 93 58
311 308 313 58 93 99
301 303 313 157 95 99
301 313 312 157 99 18
312 313 308 18 99 93
312 308 310 18 93 141
314 315 311 60 9 58
304 302 305 75 36 53
318 317 316 123 114 101
316 317 319 101 114 52
319 317 325 52 114 95
325 317 324 95 114 141
321 320 318 35 17 123
318 320 317 123 17 114
317 320 324 114 17 141
324 320 323 141 17 37
318 316 322 123 101 130
324 323 325 141 37 95
325 323 319 95 37 52
319 323 320 52 37 17
322 316 321 130 101 35
321 316 319 35 101 52
322 321 318 130 35 123
321 319 320 35 52 17
326 328 327 114 120 149
327 328 338 149 120 141
338 328 341 141 120 130
341 328 340 130 120 110
340 328 331 110 120 112
331 328 326 112 120 114
330 329 327 64 93 149
330 327 339 64 149 62
339 327 338 62 149 141
339 338 332 62 141 73
332 338 335 73 141 18
332 335 334 73 18 23
329 330 331 93 64 112
331 330 339 112 64 62
333 332 334 49 73 23
335 336 334 18 127 23
334 336 333 23 127 49
333 336 337 49 127 58
337 336 341 58 127 130
341 336 338 130 127 141
338 336 335 141 127 18
332 333 337 73 49 58
332 337 339 73 58 62
339 337 340 62 58 110
339 340 331 62 110 112
326 327 329 114 149 93
340 337 341 110 58 130
329 331 326 93 112 114
342 344 343 33 66 32
343 344 349 32 66 82
349 344 347 82 66 90
347 344 346 90 66 110
346 344 345 110 66 55
345 344 342 55 66 33
342 348 345 33 49 55
345 348 346 55 49 110
346 348 351 110 49 2
350 349 347 142 82 90
350 347 352 142 90 125
352 347 346 125 90 110
352 346 351 125 110 2
348 342 351 49 33 2
351 342 352 2 33 125
352 342 350 125 33 142
350 342 343 142 33 32
350 343 349 142 32 82
355 354 353 153 18 71
353 354 356 71 18 44
353 357 358 71 70 93
358 357 362 93 70 104
354 359 360 18 117 128
360 359 362 128 117 104
354 355 359 18 153 117
354 360 361 18 128 3
360 362 363 128 104 138
363 362 357 138 104 70
364 357 356 49 70 44
356 357 353 44 70 71
363 364 360 138 49 128
361 364 356 3 49 44
361 356 354 3 44 18
355 358 359 153 93 117
359 358 362 117 93 104
358 355 353 93 153 71
357 364 363 70 49 138
361 360 364 3 128 49
